# epoch,accuracy,precision,recall,f1_score
0,0.4111,0.4797,0.4111,0.4221
1,0.5000,0.4736,0.5000,0.4546
2,0.5333,0.5558,0.5333,0.4523
3,0.5556,0.5860,0.5556,0.4534
4,0.5778,0.5871,0.5778,0.4726
5,0.6000,0.5958,0.6000,0.5080
6,0.6000,0.5958,0.6000,0.5080
7,0.6167,0.5976,0.6167,0.5286
8,0.6556,0.5843,0.6556,0.5828
9,0.7278,0.6035,0.7278,0.6556
10,0.7111,0.5807,0.7111,0.6392
11,0.7111,0.5857,0.7111,0.6397
12,0.7000,0.5871,0.7000,0.6321
13,0.7222,0.5989,0.7222,0.6511
14,0.7389,0.6096,0.7389,0.6657
15,0.7667,0.6308,0.7667,0.6906
16,0.7722,0.6357,0.7722,0.6958
17,0.7833,0.6422,0.7833,0.7051
18,0.7889,0.6461,0.7889,0.7099
19,0.8000,0.8358,0.8000,0.7272
20,0.8278,0.8562,0.8278,0.7790
21,0.8444,0.8681,0.8444,0.8137
22,0.8389,0.8640,0.8389,0.8087
23,0.8611,0.8805,0.8611,0.8399
24,0.8556,0.8790,0.8556,0.8284
25,0.8500,0.8779,0.8500,0.8280
26,0.8611,0.8822,0.8611,0.8437
27,0.8667,0.8870,0.8667,0.8518
28,0.8833,0.9013,0.8833,0.8724
29,0.9056,0.9223,0.9056,0.9016
30,0.9056,0.9223,0.9056,0.9016
31,0.9167,0.9279,0.9167,0.9143
32,0.9222,0.9268,0.9222,0.9208
33,0.9389,0.9420,0.9389,0.9393
34,0.9556,0.9564,0.9556,0.9554
35,0.9556,0.9574,0.9556,0.9559
36,0.9444,0.9472,0.9444,0.9449
37,0.9556,0.9579,0.9556,0.9558
38,0.9556,0.9566,0.9556,0.9558
39,0.9500,0.9528,0.9500,0.9502
40,0.9444,0.9476,0.9444,0.9449
41,0.9500,0.9542,0.9500,0.9509
42,0.9500,0.9536,0.9500,0.9510
43,0.9500,0.9536,0.9500,0.9510
44,0.9444,0.9493,0.9444,0.9458
45,0.9444,0.9493,0.9444,0.9458
46,0.9611,0.9630,0.9611,0.9616
47,0.9556,0.9585,0.9556,0.9562
48,0.9444,0.9504,0.9444,0.9454
49,0.9500,0.9545,0.9500,0.9507
50,0.9556,0.9587,0.9556,0.9561
51,0.9611,0.9632,0.9611,0.9614
52,0.9500,0.9536,0.9500,0.9510
53,0.9611,0.9630,0.9611,0.9616
54,0.9611,0.9632,0.9611,0.9614
55,0.9500,0.9539,0.9500,0.9510
56,0.9500,0.9536,0.9500,0.9510
57,0.9444,0.9493,0.9444,0.9458
58,0.9500,0.9536,0.9500,0.9510
59,0.9500,0.9539,0.9500,0.9510
60,0.9556,0.9587,0.9556,0.9561
61,0.9556,0.9587,0.9556,0.9561
62,0.9556,0.9587,0.9556,0.9561
63,0.9611,0.9632,0.9611,0.9614
64,0.9556,0.9582,0.9556,0.9563
65,0.9611,0.9630,0.9611,0.9616
66,0.9556,0.9582,0.9556,0.9563
67,0.9667,0.9677,0.9667,0.9669
68,0.9611,0.9630,0.9611,0.9616
69,0.9611,0.9630,0.9611,0.9616
70,0.9611,0.9630,0.9611,0.9616
71,0.9611,0.9630,0.9611,0.9616
72,0.9611,0.9630,0.9611,0.9616
73,0.9611,0.9630,0.9611,0.9616
74,0.9667,0.9680,0.9667,0.9668
75,0.9667,0.9680,0.9667,0.9668
76,0.9667,0.9680,0.9667,0.9668
77,0.9556,0.9587,0.9556,0.9561
78,0.9611,0.9630,0.9611,0.9616
79,0.9556,0.9582,0.9556,0.9563
80,0.9556,0.9582,0.9556,0.9563
81,0.9556,0.9582,0.9556,0.9563
82,0.9556,0.9585,0.9556,0.9562
83,0.9556,0.9585,0.9556,0.9562
84,0.9389,0.9452,0.9389,0.9400
85,0.9333,0.9417,0.9333,0.9344
86,0.9500,0.9545,0.9500,0.9507
87,0.9667,0.9680,0.9667,0.9668
88,0.9667,0.9677,0.9667,0.9669
89,0.9611,0.9627,0.9611,0.9616
90,0.9389,0.9460,0.9389,0.9406
91,0.9333,0.9421,0.9333,0.9355
92,0.9556,0.9585,0.9556,0.9562
93,0.9556,0.9585,0.9556,0.9562
94,0.9556,0.9585,0.9556,0.9562
95,0.9500,0.9542,0.9500,0.9509
96,0.9444,0.9499,0.9444,0.9458
97,0.9500,0.9536,0.9500,0.9510
98,0.9556,0.9582,0.9556,0.9563
99,0.9444,0.9489,0.9444,0.9457
100,0.9556,0.9579,0.9556,0.9563
101,0.9500,0.9530,0.9500,0.9508
102,0.9667,0.9675,0.9667,0.9669
103,0.9611,0.9632,0.9611,0.9614
104,0.9667,0.9675,0.9667,0.9669
105,0.9556,0.9585,0.9556,0.9562
106,0.9556,0.9587,0.9556,0.9561
107,0.9611,0.9632,0.9611,0.9614
108,0.9611,0.9632,0.9611,0.9614
109,0.9611,0.9632,0.9611,0.9614
110,0.9611,0.9632,0.9611,0.9614
111,0.9500,0.9545,0.9500,0.9507
112,0.9278,0.9380,0.9278,0.9292
113,0.9444,0.9501,0.9444,0.9456
114,0.9389,0.9463,0.9389,0.9404
115,0.9222,0.9342,0.9222,0.9243
116,0.9556,0.9585,0.9556,0.9562
117,0.9556,0.9585,0.9556,0.9562
118,0.9500,0.9542,0.9500,0.9509
119,0.9556,0.9585,0.9556,0.9562
120,0.9389,0.9454,0.9389,0.9406
121,0.9556,0.9582,0.9556,0.9563
122,0.9667,0.9677,0.9667,0.9669
123,0.9611,0.9630,0.9611,0.9616
124,0.9556,0.9585,0.9556,0.9562
125,0.9611,0.9630,0.9611,0.9616
126,0.9556,0.9585,0.9556,0.9562
127,0.9500,0.9539,0.9500,0.9510
128,0.9556,0.9585,0.9556,0.9562
129,0.9667,0.9677,0.9667,0.9669
130,0.9667,0.9677,0.9667,0.9669
131,0.9722,0.9728,0.9722,0.9724
132,0.9722,0.9728,0.9722,0.9724
133,0.9611,0.9630,0.9611,0.9616
134,0.9722,0.9731,0.9722,0.9723
135,0.9611,0.9632,0.9611,0.9614
136,0.9611,0.9630,0.9611,0.9616
137,0.9667,0.9677,0.9667,0.9669
138,0.9611,0.9630,0.9611,0.9616
139,0.9667,0.9677,0.9667,0.9669
140,0.9667,0.9677,0.9667,0.9669
141,0.9667,0.9677,0.9667,0.9669
142,0.9778,0.9782,0.9778,0.9778
143,0.9722,0.9725,0.9722,0.9723
144,0.9556,0.9585,0.9556,0.9562
145,0.9611,0.9630,0.9611,0.9616
146,0.9611,0.9630,0.9611,0.9616
147,0.9556,0.9585,0.9556,0.9562
148,0.9556,0.9587,0.9556,0.9561
149,0.9611,0.9630,0.9611,0.9616
150,0.9611,0.9630,0.9611,0.9616
151,0.9611,0.9630,0.9611,0.9616
152,0.9556,0.9585,0.9556,0.9562
153,0.9556,0.9585,0.9556,0.9562
154,0.9556,0.9585,0.9556,0.9562
155,0.9611,0.9630,0.9611,0.9616
156,0.9611,0.9630,0.9611,0.9616
157,0.9611,0.9630,0.9611,0.9616
158,0.9667,0.9677,0.9667,0.9669
159,0.9667,0.9677,0.9667,0.9669
160,0.9722,0.9728,0.9722,0.9724
161,0.9778,0.9785,0.9778,0.9778
162,0.9611,0.9630,0.9611,0.9616
163,0.9611,0.9630,0.9611,0.9616
164,0.9611,0.9630,0.9611,0.9616
165,0.9556,0.9585,0.9556,0.9562
166,0.9556,0.9583,0.9556,0.9559
167,0.9667,0.9682,0.9667,0.9668
168,0.9556,0.9579,0.9556,0.9560
169,0.9722,0.9728,0.9722,0.9724
170,0.9778,0.9782,0.9778,0.9778
171,0.9778,0.9782,0.9778,0.9778
172,0.9667,0.9677,0.9667,0.9669
173,0.9667,0.9677,0.9667,0.9669
174,0.9778,0.9782,0.9778,0.9778
175,0.9667,0.9677,0.9667,0.9669
176,0.9722,0.9728,0.9722,0.9724
177,0.9778,0.9783,0.9778,0.9779
178,0.9667,0.9687,0.9667,0.9671
179,0.9556,0.9585,0.9556,0.9562
180,0.9444,0.9496,0.9444,0.9458
181,0.9556,0.9585,0.9556,0.9562
182,0.9778,0.9781,0.9778,0.9779
183,0.9667,0.9677,0.9667,0.9669
184,0.9667,0.9677,0.9667,0.9669
185,0.9667,0.9677,0.9667,0.9669
186,0.9667,0.9677,0.9667,0.9669
187,0.9667,0.9687,0.9667,0.9671
188,0.9611,0.9630,0.9611,0.9616
189,0.9722,0.9728,0.9722,0.9724
190,0.9778,0.9783,0.9778,0.9779
191,0.9778,0.9783,0.9778,0.9779
192,0.9833,0.9835,0.9833,0.9834
193,0.9778,0.9781,0.9778,0.9779
194,0.9778,0.9781,0.9778,0.9779
195,0.9722,0.9730,0.9722,0.9724
196,0.9833,0.9835,0.9833,0.9834
197,0.9722,0.9728,0.9722,0.9724
198,0.9778,0.9782,0.9778,0.9778
199,0.9833,0.9835,0.9833,0.9834
200,0.9722,0.9728,0.9722,0.9724
201,0.9833,0.9835,0.9833,0.9834
202,0.9778,0.9782,0.9778,0.9778
203,0.9611,0.9630,0.9611,0.9616
204,0.9722,0.9734,0.9722,0.9725
205,0.9722,0.9734,0.9722,0.9725
206,0.9833,0.9835,0.9833,0.9834
207,0.9778,0.9782,0.9778,0.9778
208,0.9778,0.9782,0.9778,0.9778
209,0.9778,0.9782,0.9778,0.9778
210,0.9778,0.9782,0.9778,0.9778
211,0.9778,0.9782,0.9778,0.9778
212,0.9778,0.9782,0.9778,0.9778
213,0.9833,0.9835,0.9833,0.9834
214,0.9778,0.9782,0.9778,0.9778
215,0.9722,0.9728,0.9722,0.9724
216,0.9778,0.9782,0.9778,0.9778
217,0.9778,0.9782,0.9778,0.9778
218,0.9778,0.9782,0.9778,0.9778
219,0.9778,0.9785,0.9778,0.9778
220,0.9778,0.9782,0.9778,0.9778
221,0.9833,0.9835,0.9833,0.9834
222,0.9778,0.9782,0.9778,0.9778
223,0.9778,0.9782,0.9778,0.9778
224,0.9833,0.9842,0.9833,0.9834
225,0.9833,0.9842,0.9833,0.9834
226,0.9833,0.9842,0.9833,0.9834
227,0.9778,0.9782,0.9778,0.9778
228,0.9778,0.9782,0.9778,0.9778
229,0.9833,0.9842,0.9833,0.9834
230,0.9833,0.9842,0.9833,0.9834
231,0.9778,0.9782,0.9778,0.9778
232,0.9833,0.9842,0.9833,0.9834
233,0.9833,0.9842,0.9833,0.9834
234,0.9833,0.9842,0.9833,0.9834
235,0.9889,0.9893,0.9889,0.9889
236,0.9833,0.9842,0.9833,0.9834
237,0.9778,0.9785,0.9778,0.9778
238,0.9722,0.9728,0.9722,0.9724
239,0.9778,0.9783,0.9778,0.9779
240,0.9833,0.9835,0.9833,0.9834
241,0.9778,0.9782,0.9778,0.9778
242,0.9722,0.9728,0.9722,0.9724
243,0.9833,0.9835,0.9833,0.9834
244,0.9778,0.9782,0.9778,0.9778
245,0.9833,0.9842,0.9833,0.9834
246,0.9778,0.9782,0.9778,0.9778
247,0.9833,0.9842,0.9833,0.9834
248,0.9833,0.9835,0.9833,0.9834
249,0.9778,0.9782,0.9778,0.9778
250,0.9833,0.9835,0.9833,0.9834
251,0.9667,0.9677,0.9667,0.9669
252,0.9722,0.9731,0.9722,0.9723
253,0.9722,0.9731,0.9722,0.9723
254,0.9667,0.9680,0.9667,0.9668
255,0.9722,0.9731,0.9722,0.9723
256,0.9778,0.9785,0.9778,0.9778
257,0.9833,0.9842,0.9833,0.9834
258,0.9833,0.9835,0.9833,0.9834
259,0.9778,0.9781,0.9778,0.9779
260,0.9778,0.9781,0.9778,0.9779
261,0.9778,0.9783,0.9778,0.9779
262,0.9778,0.9782,0.9778,0.9778
263,0.9778,0.9782,0.9778,0.9778
264,0.9778,0.9782,0.9778,0.9778
265,0.9778,0.9782,0.9778,0.9778
266,0.9833,0.9835,0.9833,0.9834
267,0.9778,0.9782,0.9778,0.9778
268,0.9833,0.9842,0.9833,0.9834
269,0.9833,0.9842,0.9833,0.9834
270,0.9833,0.9842,0.9833,0.9834
271,0.9778,0.9782,0.9778,0.9778
272,0.9778,0.9782,0.9778,0.9778
273,0.9833,0.9835,0.9833,0.9834
274,0.9778,0.9782,0.9778,0.9778
275,0.9778,0.9782,0.9778,0.9778
276,0.9833,0.9842,0.9833,0.9834
277,0.9833,0.9842,0.9833,0.9834
278,0.9833,0.9842,0.9833,0.9834
279,0.9833,0.9842,0.9833,0.9834
280,0.9833,0.9842,0.9833,0.9834
281,0.9833,0.9842,0.9833,0.9834
282,0.9778,0.9785,0.9778,0.9778
283,0.9833,0.9842,0.9833,0.9834
284,0.9833,0.9842,0.9833,0.9834
285,0.9833,0.9842,0.9833,0.9834
286,0.9833,0.9842,0.9833,0.9834
287,0.9833,0.9842,0.9833,0.9834
288,0.9833,0.9835,0.9833,0.9834
289,0.9833,0.9842,0.9833,0.9834
290,0.9833,0.9842,0.9833,0.9834
291,0.9833,0.9842,0.9833,0.9834
292,0.9833,0.9842,0.9833,0.9834
293,0.9833,0.9835,0.9833,0.9834
294,0.9833,0.9835,0.9833,0.9834
295,0.9833,0.9835,0.9833,0.9834
296,0.9833,0.9835,0.9833,0.9834
297,0.9833,0.9835,0.9833,0.9834
298,0.9889,0.9893,0.9889,0.9889
299,0.9833,0.9842,0.9833,0.9834
