# epoch,accuracy,precision,recall,f1_score
0,0.3077,0.2786,0.3077,0.2721
1,0.3407,0.2741,0.3407,0.2988
2,0.4231,0.2975,0.4231,0.3493
3,0.4780,0.3084,0.4780,0.3720
4,0.5055,0.3189,0.5055,0.3820
5,0.5055,0.3095,0.5055,0.3600
6,0.5110,0.4492,0.5110,0.3514
7,0.5055,0.2555,0.5055,0.3395
8,0.5055,0.2555,0.5055,0.3395
9,0.5055,0.2555,0.5055,0.3395
10,0.5055,0.2555,0.5055,0.3395
11,0.5055,0.2555,0.5055,0.3395
12,0.5055,0.2555,0.5055,0.3395
13,0.5055,0.2555,0.5055,0.3395
14,0.5055,0.2555,0.5055,0.3395
15,0.5330,0.5649,0.5330,0.3961
16,0.5604,0.5726,0.5604,0.4453
17,0.5275,0.5635,0.5275,0.3855
18,0.5495,0.5695,0.5495,0.4264
19,0.5604,0.5726,0.5604,0.4453
20,0.6154,0.5893,0.6154,0.5274
21,0.6319,0.5947,0.6319,0.5488
22,0.6758,0.5960,0.6758,0.5988
23,0.6538,0.5934,0.6538,0.5747
24,0.6648,0.5981,0.6648,0.5874
25,0.6758,0.5960,0.6758,0.5988
26,0.7033,0.5995,0.7033,0.6265
27,0.7198,0.6014,0.7198,0.6419
28,0.7473,0.6066,0.7473,0.6673
29,0.7473,0.6055,0.7473,0.6671
30,0.7582,0.6131,0.7582,0.6772
31,0.7582,0.6122,0.7582,0.6771
32,0.7637,0.6166,0.7637,0.6822
33,0.7692,0.6211,0.7692,0.6873
34,0.7692,0.6221,0.7692,0.6878
35,0.7857,0.6399,0.7857,0.7041
36,0.7912,0.6467,0.7912,0.7096
37,0.7912,0.6452,0.7912,0.7091
38,0.7967,0.6538,0.7967,0.7153
39,0.7912,0.6467,0.7912,0.7096
40,0.7802,0.6336,0.7802,0.6986
41,0.7857,0.6364,0.7857,0.7029
42,0.7912,0.6424,0.7912,0.7083
43,0.7857,0.6377,0.7857,0.7033
44,0.7912,0.6483,0.7912,0.7102
45,0.8077,0.8473,0.8077,0.7457
46,0.8077,0.8503,0.8077,0.7466
47,0.8132,0.8565,0.8132,0.7587
48,0.8242,0.8589,0.8242,0.7783
49,0.8297,0.8659,0.8297,0.7839
50,0.8242,0.8631,0.8242,0.7738
51,0.8297,0.8677,0.8297,0.7845
52,0.8352,0.8674,0.8352,0.7932
53,0.8516,0.8781,0.8516,0.8211
54,0.8626,0.8878,0.8626,0.8354
55,0.8736,0.8954,0.8736,0.8551
56,0.8736,0.8971,0.8736,0.8556
57,0.8846,0.9010,0.8846,0.8698
58,0.9011,0.9018,0.9011,0.8927
59,0.9011,0.9132,0.9011,0.8915
60,0.9066,0.9193,0.9066,0.8989
61,0.9066,0.9116,0.9066,0.8997
62,0.9286,0.9308,0.9286,0.9254
63,0.9231,0.9260,0.9231,0.9192
64,0.9341,0.9367,0.9341,0.9318
65,0.9396,0.9414,0.9396,0.9378
66,0.9341,0.9361,0.9341,0.9317
67,0.9451,0.9462,0.9451,0.9438
68,0.9396,0.9389,0.9396,0.9388
69,0.9505,0.9511,0.9505,0.9496
70,0.9725,0.9729,0.9725,0.9726
71,0.9725,0.9729,0.9725,0.9726
72,0.9505,0.9517,0.9505,0.9506
73,0.9615,0.9622,0.9615,0.9616
74,0.9560,0.9571,0.9560,0.9560
75,0.9615,0.9622,0.9615,0.9613
76,0.9505,0.9503,0.9505,0.9500
77,0.9560,0.9564,0.9560,0.9554
78,0.9560,0.9564,0.9560,0.9554
79,0.9725,0.9729,0.9725,0.9726
80,0.9670,0.9675,0.9670,0.9671
81,0.9615,0.9622,0.9615,0.9617
82,0.9615,0.9622,0.9615,0.9617
83,0.9560,0.9558,0.9560,0.9558
84,0.9725,0.9729,0.9725,0.9726
85,0.9615,0.9622,0.9615,0.9617
86,0.9615,0.9622,0.9615,0.9617
87,0.9615,0.9622,0.9615,0.9617
88,0.9615,0.9622,0.9615,0.9617
89,0.9670,0.9675,0.9670,0.9671
90,0.9725,0.9729,0.9725,0.9726
91,0.9670,0.9675,0.9670,0.9671
92,0.9615,0.9631,0.9615,0.9619
93,0.9505,0.9507,0.9505,0.9501
94,0.9560,0.9558,0.9560,0.9558
95,0.9615,0.9618,0.9615,0.9612
96,0.9670,0.9675,0.9670,0.9671
97,0.9560,0.9564,0.9560,0.9554
98,0.9725,0.9729,0.9725,0.9726
99,0.9615,0.9619,0.9615,0.9617
100,0.9505,0.9502,0.9505,0.9503
101,0.9560,0.9571,0.9560,0.9564
102,0.9560,0.9571,0.9560,0.9564
103,0.9615,0.9633,0.9615,0.9620
104,0.9560,0.9589,0.9560,0.9567
105,0.9560,0.9592,0.9560,0.9567
106,0.9560,0.9592,0.9560,0.9567
107,0.9560,0.9592,0.9560,0.9567
108,0.9725,0.9731,0.9725,0.9727
109,0.9725,0.9731,0.9725,0.9727
110,0.9670,0.9682,0.9670,0.9673
111,0.9560,0.9592,0.9560,0.9567
112,0.9451,0.9510,0.9451,0.9462
113,0.9505,0.9550,0.9505,0.9514
114,0.9670,0.9682,0.9670,0.9673
115,0.9670,0.9682,0.9670,0.9673
116,0.9670,0.9682,0.9670,0.9673
117,0.9451,0.9510,0.9451,0.9462
118,0.9341,0.9438,0.9341,0.9355
119,0.9396,0.9475,0.9396,0.9407
120,0.9670,0.9685,0.9670,0.9673
121,0.9725,0.9734,0.9725,0.9727
122,0.9560,0.9597,0.9560,0.9564
123,0.9560,0.9594,0.9560,0.9566
124,0.9670,0.9685,0.9670,0.9673
125,0.9615,0.9636,0.9615,0.9620
126,0.9560,0.9592,0.9560,0.9567
127,0.9505,0.9547,0.9505,0.9514
128,0.9560,0.9589,0.9560,0.9567
129,0.9670,0.9675,0.9670,0.9671
130,0.9560,0.9594,0.9560,0.9566
131,0.9670,0.9685,0.9670,0.9673
132,0.9725,0.9731,0.9725,0.9727
133,0.9560,0.9594,0.9560,0.9566
134,0.9725,0.9734,0.9725,0.9727
135,0.9725,0.9734,0.9725,0.9727
136,0.9780,0.9786,0.9780,0.9782
137,0.9615,0.9636,0.9615,0.9620
138,0.9725,0.9734,0.9725,0.9727
139,0.9725,0.9731,0.9725,0.9727
140,0.9670,0.9673,0.9670,0.9671
141,0.9670,0.9682,0.9670,0.9673
142,0.9725,0.9731,0.9725,0.9727
143,0.9670,0.9679,0.9670,0.9673
144,0.9670,0.9673,0.9670,0.9671
145,0.9670,0.9679,0.9670,0.9673
146,0.9615,0.9619,0.9615,0.9617
147,0.9670,0.9673,0.9670,0.9671
148,0.9725,0.9731,0.9725,0.9727
149,0.9725,0.9731,0.9725,0.9727
150,0.9670,0.9679,0.9670,0.9673
151,0.9670,0.9682,0.9670,0.9673
152,0.9725,0.9731,0.9725,0.9727
153,0.9725,0.9731,0.9725,0.9727
154,0.9725,0.9734,0.9725,0.9727
155,0.9780,0.9786,0.9780,0.9782
156,0.9725,0.9731,0.9725,0.9727
157,0.9725,0.9731,0.9725,0.9727
158,0.9670,0.9673,0.9670,0.9669
159,0.9670,0.9673,0.9670,0.9669
160,0.9670,0.9673,0.9670,0.9669
161,0.9615,0.9615,0.9615,0.9615
162,0.9615,0.9615,0.9615,0.9615
163,0.9615,0.9615,0.9615,0.9615
164,0.9725,0.9731,0.9725,0.9727
165,0.9725,0.9731,0.9725,0.9727
166,0.9725,0.9731,0.9725,0.9727
167,0.9725,0.9731,0.9725,0.9727
168,0.9725,0.9731,0.9725,0.9727
169,0.9725,0.9731,0.9725,0.9727
170,0.9780,0.9786,0.9780,0.9782
171,0.9560,0.9560,0.9560,0.9560
172,0.9505,0.9502,0.9505,0.9503
173,0.9670,0.9673,0.9670,0.9669
174,0.9780,0.9786,0.9780,0.9782
175,0.9725,0.9731,0.9725,0.9727
176,0.9615,0.9636,0.9615,0.9620
177,0.9670,0.9685,0.9670,0.9673
178,0.9780,0.9786,0.9780,0.9782
179,0.9780,0.9786,0.9780,0.9782
180,0.9725,0.9731,0.9725,0.9727
181,0.9725,0.9731,0.9725,0.9727
182,0.9670,0.9682,0.9670,0.9673
183,0.9670,0.9679,0.9670,0.9673
184,0.9725,0.9731,0.9725,0.9727
185,0.9780,0.9786,0.9780,0.9782
186,0.9725,0.9731,0.9725,0.9727
187,0.9615,0.9615,0.9615,0.9615
188,0.9725,0.9729,0.9725,0.9726
189,0.9725,0.9731,0.9725,0.9727
190,0.9725,0.9731,0.9725,0.9727
191,0.9670,0.9679,0.9670,0.9673
192,0.9725,0.9731,0.9725,0.9727
193,0.9725,0.9731,0.9725,0.9727
194,0.9725,0.9731,0.9725,0.9727
195,0.9725,0.9731,0.9725,0.9727
196,0.9725,0.9731,0.9725,0.9727
197,0.9670,0.9679,0.9670,0.9673
198,0.9725,0.9731,0.9725,0.9727
199,0.9725,0.9731,0.9725,0.9727
200,0.9670,0.9679,0.9670,0.9673
201,0.9725,0.9731,0.9725,0.9727
202,0.9725,0.9731,0.9725,0.9727
203,0.9725,0.9731,0.9725,0.9727
204,0.9725,0.9731,0.9725,0.9727
205,0.9615,0.9636,0.9615,0.9620
206,0.9615,0.9636,0.9615,0.9620
207,0.9725,0.9731,0.9725,0.9727
208,0.9725,0.9731,0.9725,0.9727
209,0.9615,0.9615,0.9615,0.9615
210,0.9780,0.9786,0.9780,0.9782
211,0.9560,0.9558,0.9560,0.9558
212,0.9725,0.9729,0.9725,0.9726
213,0.9615,0.9612,0.9615,0.9612
214,0.9725,0.9731,0.9725,0.9727
215,0.9725,0.9731,0.9725,0.9727
216,0.9725,0.9731,0.9725,0.9727
217,0.9725,0.9731,0.9725,0.9727
218,0.9725,0.9731,0.9725,0.9727
219,0.9725,0.9731,0.9725,0.9727
220,0.9725,0.9731,0.9725,0.9727
221,0.9725,0.9731,0.9725,0.9727
222,0.9725,0.9731,0.9725,0.9727
223,0.9725,0.9731,0.9725,0.9727
224,0.9725,0.9731,0.9725,0.9727
225,0.9725,0.9731,0.9725,0.9727
226,0.9780,0.9783,0.9780,0.9781
227,0.9725,0.9731,0.9725,0.9727
228,0.9725,0.9731,0.9725,0.9727
229,0.9835,0.9844,0.9835,0.9836
230,0.9780,0.9786,0.9780,0.9782
231,0.9780,0.9786,0.9780,0.9782
232,0.9780,0.9786,0.9780,0.9782
233,0.9780,0.9786,0.9780,0.9782
234,0.9725,0.9729,0.9725,0.9726
235,0.9670,0.9673,0.9670,0.9671
236,0.9780,0.9783,0.9780,0.9781
237,0.9725,0.9731,0.9725,0.9727
238,0.9725,0.9731,0.9725,0.9727
239,0.9725,0.9731,0.9725,0.9727
240,0.9725,0.9731,0.9725,0.9727
241,0.9670,0.9679,0.9670,0.9673
242,0.9615,0.9615,0.9615,0.9615
243,0.9725,0.9732,0.9725,0.9727
244,0.9725,0.9731,0.9725,0.9727
245,0.9780,0.9783,0.9780,0.9781
246,0.9780,0.9783,0.9780,0.9781
247,0.9780,0.9783,0.9780,0.9781
248,0.9725,0.9725,0.9725,0.9725
249,0.9725,0.9731,0.9725,0.9727
250,0.9725,0.9731,0.9725,0.9727
251,0.9780,0.9783,0.9780,0.9781
252,0.9780,0.9783,0.9780,0.9781
253,0.9725,0.9731,0.9725,0.9727
254,0.9725,0.9731,0.9725,0.9727
255,0.9725,0.9731,0.9725,0.9727
256,0.9780,0.9783,0.9780,0.9781
257,0.9725,0.9731,0.9725,0.9727
258,0.9725,0.9731,0.9725,0.9727
259,0.9725,0.9731,0.9725,0.9727
260,0.9725,0.9731,0.9725,0.9727
261,0.9780,0.9783,0.9780,0.9781
262,0.9780,0.9783,0.9780,0.9781
263,0.9780,0.9783,0.9780,0.9781
264,0.9780,0.9783,0.9780,0.9781
265,0.9670,0.9668,0.9670,0.9669
266,0.9615,0.9615,0.9615,0.9615
267,0.9670,0.9668,0.9670,0.9669
268,0.9670,0.9668,0.9670,0.9669
269,0.9670,0.9668,0.9670,0.9669
270,0.9780,0.9783,0.9780,0.9781
271,0.9780,0.9783,0.9780,0.9781
272,0.9780,0.9783,0.9780,0.9781
273,0.9725,0.9731,0.9725,0.9727
274,0.9780,0.9783,0.9780,0.9781
275,0.9725,0.9725,0.9725,0.9725
276,0.9780,0.9783,0.9780,0.9781
277,0.9780,0.9783,0.9780,0.9781
278,0.9780,0.9783,0.9780,0.9781
279,0.9780,0.9783,0.9780,0.9781
280,0.9725,0.9731,0.9725,0.9727
281,0.9725,0.9731,0.9725,0.9727
282,0.9725,0.9731,0.9725,0.9727
283,0.9615,0.9615,0.9615,0.9615
284,0.9725,0.9731,0.9725,0.9727
285,0.9725,0.9731,0.9725,0.9727
286,0.9780,0.9783,0.9780,0.9781
287,0.9780,0.9783,0.9780,0.9781
288,0.9780,0.9783,0.9780,0.9781
289,0.9780,0.9783,0.9780,0.9781
290,0.9780,0.9783,0.9780,0.9781
291,0.9780,0.9783,0.9780,0.9781
292,0.9725,0.9731,0.9725,0.9727
293,0.9725,0.9731,0.9725,0.9727
294,0.9725,0.9731,0.9725,0.9727
295,0.9725,0.9731,0.9725,0.9727
296,0.9670,0.9673,0.9670,0.9671
297,0.9615,0.9615,0.9615,0.9615
298,0.9670,0.9668,0.9670,0.9669
299,0.9670,0.9668,0.9670,0.9669
