# epoch,accuracy,precision,recall,f1_score
0,0.3056,0.2548,0.3056,0.2682
1,0.3444,0.2744,0.3444,0.2891
2,0.3722,0.2709,0.3722,0.3025
3,0.3944,0.3676,0.3944,0.3173
4,0.4167,0.2741,0.4167,0.3200
5,0.4222,0.2774,0.4222,0.3241
6,0.4778,0.2526,0.4778,0.3305
7,0.5111,0.2612,0.5111,0.3458
8,0.5111,0.2612,0.5111,0.3458
9,0.5111,0.2612,0.5111,0.3458
10,0.5111,0.2612,0.5111,0.3458
11,0.5111,0.2612,0.5111,0.3458
12,0.5167,0.5682,0.5167,0.3579
13,0.5889,0.5888,0.5889,0.4885
14,0.6722,0.6014,0.6722,0.5963
15,0.7056,0.5888,0.7056,0.6285
16,0.7222,0.5922,0.7222,0.6505
17,0.7333,0.6146,0.7333,0.6639
18,0.7333,0.6173,0.7333,0.6643
19,0.7222,0.6265,0.7222,0.6586
20,0.7222,0.6610,0.7222,0.6664
21,0.7000,0.6653,0.7000,0.6502
22,0.7333,0.6633,0.7333,0.6765
23,0.7556,0.6640,0.7556,0.6919
24,0.7556,0.6708,0.7556,0.6948
25,0.7667,0.6748,0.7667,0.7039
26,0.7722,0.6820,0.7722,0.7092
27,0.7889,0.6713,0.7889,0.7174
28,0.7889,0.6775,0.7889,0.7194
29,0.7833,0.6899,0.7833,0.7195
30,0.7778,0.6880,0.7778,0.7150
31,0.7333,0.6743,0.7333,0.6785
32,0.7333,0.8576,0.7333,0.6928
33,0.7389,0.6759,0.7389,0.6831
34,0.7444,0.6775,0.7444,0.6877
35,0.8056,0.8775,0.8056,0.7514
36,0.8111,0.8719,0.8111,0.7607
37,0.7944,0.8682,0.7944,0.7481
38,0.7944,0.8732,0.7944,0.7489
39,0.7667,0.8192,0.7667,0.7265
40,0.7611,0.8310,0.7611,0.7287
41,0.7667,0.8328,0.7667,0.7334
42,0.7667,0.8328,0.7667,0.7334
43,0.8111,0.8592,0.8111,0.7809
44,0.8222,0.8876,0.8222,0.7947
45,0.8111,0.8701,0.8111,0.8001
46,0.8278,0.8646,0.8278,0.8217
47,0.8722,0.9012,0.8722,0.8637
48,0.8944,0.9215,0.8944,0.8897
49,0.8833,0.9032,0.8833,0.8790
50,0.8222,0.8758,0.8222,0.8126
51,0.8278,0.8781,0.8278,0.8175
52,0.8889,0.9124,0.8889,0.8859
53,0.8500,0.8897,0.8500,0.8420
54,0.8556,0.8879,0.8556,0.8524
55,0.9056,0.9192,0.9056,0.9043
56,0.8833,0.9017,0.8833,0.8825
57,0.8889,0.9059,0.8889,0.8886
58,0.8778,0.8939,0.8778,0.8777
59,0.8444,0.8696,0.8444,0.8457
60,0.8667,0.8854,0.8667,0.8671
61,0.8944,0.9053,0.8944,0.8941
62,0.9000,0.9065,0.9000,0.8996
63,0.8889,0.8992,0.8889,0.8891
64,0.8722,0.8859,0.8722,0.8727
65,0.8889,0.9001,0.8889,0.8888
66,0.8944,0.9052,0.8944,0.8925
67,0.8833,0.8959,0.8833,0.8821
68,0.9000,0.9086,0.9000,0.9000
69,0.9167,0.9249,0.9167,0.9179
70,0.9222,0.9279,0.9222,0.9227
71,0.9222,0.9279,0.9222,0.9227
72,0.9556,0.9579,0.9556,0.9558
73,0.9556,0.9579,0.9556,0.9558
74,0.9556,0.9574,0.9556,0.9559
75,0.9556,0.9574,0.9556,0.9559
76,0.9444,0.9486,0.9444,0.9443
77,0.9167,0.9241,0.9167,0.9153
78,0.9111,0.9204,0.9111,0.9101
79,0.9111,0.9204,0.9111,0.9101
80,0.9278,0.9355,0.9278,0.9274
81,0.9333,0.9383,0.9333,0.9337
82,0.9222,0.9285,0.9222,0.9223
83,0.9389,0.9429,0.9389,0.9388
84,0.9222,0.9287,0.9222,0.9213
85,0.9167,0.9249,0.9167,0.9161
86,0.9444,0.9478,0.9444,0.9445
87,0.9389,0.9435,0.9389,0.9391
88,0.9389,0.9435,0.9389,0.9391
89,0.9389,0.9430,0.9389,0.9394
90,0.9333,0.9385,0.9333,0.9339
91,0.9444,0.9483,0.9444,0.9447
92,0.9444,0.9478,0.9444,0.9445
93,0.9333,0.9381,0.9333,0.9330
94,0.9389,0.9429,0.9389,0.9388
95,0.9389,0.9429,0.9389,0.9388
96,0.9222,0.9294,0.9222,0.9219
97,0.9222,0.9285,0.9222,0.9223
98,0.9333,0.9381,0.9333,0.9330
99,0.9556,0.9581,0.9556,0.9556
100,0.9556,0.9574,0.9556,0.9559
101,0.9556,0.9574,0.9556,0.9559
102,0.9500,0.9523,0.9500,0.9503
103,0.9556,0.9574,0.9556,0.9559
104,0.9611,0.9631,0.9611,0.9613
105,0.9333,0.9375,0.9333,0.9334
106,0.9389,0.9429,0.9389,0.9388
107,0.9444,0.9486,0.9444,0.9443
108,0.9333,0.9399,0.9333,0.9332
109,0.9333,0.9387,0.9333,0.9335
110,0.9500,0.9528,0.9500,0.9502
111,0.9500,0.9528,0.9500,0.9502
112,0.9611,0.9631,0.9611,0.9613
113,0.9611,0.9628,0.9611,0.9614
114,0.9556,0.9574,0.9556,0.9559
115,0.9556,0.9579,0.9556,0.9558
116,0.9500,0.9533,0.9500,0.9500
117,0.9556,0.9581,0.9556,0.9556
118,0.9556,0.9581,0.9556,0.9556
119,0.9611,0.9631,0.9611,0.9613
120,0.9556,0.9585,0.9556,0.9558
121,0.9611,0.9631,0.9611,0.9613
122,0.9556,0.9581,0.9556,0.9556
123,0.9444,0.9490,0.9444,0.9446
124,0.9556,0.9581,0.9556,0.9556
125,0.9556,0.9581,0.9556,0.9556
126,0.9611,0.9631,0.9611,0.9613
127,0.9611,0.9631,0.9611,0.9613
128,0.9556,0.9581,0.9556,0.9556
129,0.9500,0.9533,0.9500,0.9500
130,0.9556,0.9581,0.9556,0.9556
131,0.9722,0.9731,0.9722,0.9723
132,0.9667,0.9682,0.9667,0.9668
133,0.9611,0.9628,0.9611,0.9614
134,0.9611,0.9628,0.9611,0.9614
135,0.9556,0.9579,0.9556,0.9558
136,0.9667,0.9680,0.9667,0.9668
137,0.9611,0.9636,0.9611,0.9608
138,0.9556,0.9590,0.9556,0.9551
139,0.9611,0.9627,0.9611,0.9611
140,0.9556,0.9581,0.9556,0.9556
141,0.9500,0.9528,0.9500,0.9502
142,0.9500,0.9528,0.9500,0.9502
143,0.9500,0.9528,0.9500,0.9502
144,0.9556,0.9581,0.9556,0.9556
145,0.9556,0.9581,0.9556,0.9556
146,0.9556,0.9581,0.9556,0.9556
147,0.9556,0.9581,0.9556,0.9556
148,0.9556,0.9581,0.9556,0.9556
149,0.9556,0.9581,0.9556,0.9556
150,0.9556,0.9581,0.9556,0.9556
151,0.9611,0.9631,0.9611,0.9613
152,0.9667,0.9682,0.9667,0.9668
153,0.9722,0.9734,0.9722,0.9722
154,0.9722,0.9731,0.9722,0.9723
155,0.9611,0.9631,0.9611,0.9613
156,0.9667,0.9682,0.9667,0.9668
157,0.9778,0.9782,0.9778,0.9778
158,0.9778,0.9785,0.9778,0.9778
159,0.9722,0.9731,0.9722,0.9723
160,0.9667,0.9682,0.9667,0.9668
161,0.9556,0.9581,0.9556,0.9556
162,0.9556,0.9581,0.9556,0.9556
163,0.9444,0.9490,0.9444,0.9446
164,0.9444,0.9478,0.9444,0.9445
165,0.9444,0.9477,0.9444,0.9447
166,0.9333,0.9387,0.9333,0.9335
167,0.9556,0.9581,0.9556,0.9556
168,0.9556,0.9581,0.9556,0.9556
169,0.9611,0.9627,0.9611,0.9611
170,0.9667,0.9678,0.9667,0.9667
171,0.9667,0.9678,0.9667,0.9667
172,0.9556,0.9581,0.9556,0.9556
173,0.9556,0.9581,0.9556,0.9556
174,0.9556,0.9581,0.9556,0.9556
175,0.9556,0.9581,0.9556,0.9556
176,0.9556,0.9581,0.9556,0.9556
177,0.9611,0.9631,0.9611,0.9613
178,0.9611,0.9631,0.9611,0.9613
179,0.9611,0.9634,0.9611,0.9613
180,0.9556,0.9585,0.9556,0.9558
181,0.9611,0.9638,0.9611,0.9612
182,0.9722,0.9734,0.9722,0.9722
183,0.9667,0.9686,0.9667,0.9668
184,0.9667,0.9688,0.9667,0.9669
185,0.9722,0.9736,0.9722,0.9723
186,0.9611,0.9640,0.9611,0.9614
187,0.9611,0.9627,0.9611,0.9611
188,0.9722,0.9731,0.9722,0.9723
189,0.9778,0.9785,0.9778,0.9778
190,0.9722,0.9731,0.9722,0.9723
191,0.9667,0.9677,0.9667,0.9669
192,0.9722,0.9728,0.9722,0.9724
193,0.9722,0.9728,0.9722,0.9724
194,0.9722,0.9731,0.9722,0.9723
195,0.9722,0.9731,0.9722,0.9723
196,0.9667,0.9677,0.9667,0.9669
197,0.9667,0.9677,0.9667,0.9669
198,0.9722,0.9731,0.9722,0.9723
199,0.9778,0.9782,0.9778,0.9778
200,0.9667,0.9675,0.9667,0.9669
201,0.9667,0.9678,0.9667,0.9669
202,0.9667,0.9686,0.9667,0.9668
203,0.9722,0.9736,0.9722,0.9723
204,0.9722,0.9736,0.9722,0.9723
205,0.9722,0.9736,0.9722,0.9723
206,0.9722,0.9736,0.9722,0.9723
207,0.9611,0.9638,0.9611,0.9612
208,0.9611,0.9638,0.9611,0.9612
209,0.9611,0.9638,0.9611,0.9612
210,0.9611,0.9638,0.9611,0.9612
211,0.9611,0.9638,0.9611,0.9612
212,0.9611,0.9638,0.9611,0.9612
213,0.9722,0.9736,0.9722,0.9723
214,0.9667,0.9686,0.9667,0.9668
215,0.9833,0.9842,0.9833,0.9834
216,0.9722,0.9734,0.9722,0.9722
217,0.9722,0.9728,0.9722,0.9724
218,0.9611,0.9626,0.9611,0.9613
219,0.9667,0.9684,0.9667,0.9665
220,0.9667,0.9684,0.9667,0.9665
221,0.9778,0.9785,0.9778,0.9778
222,0.9833,0.9842,0.9833,0.9834
223,0.9778,0.9785,0.9778,0.9778
224,0.9722,0.9728,0.9722,0.9724
225,0.9778,0.9785,0.9778,0.9778
226,0.9722,0.9736,0.9722,0.9723
227,0.9722,0.9728,0.9722,0.9724
228,0.9778,0.9785,0.9778,0.9778
229,0.9778,0.9785,0.9778,0.9778
230,0.9722,0.9728,0.9722,0.9724
231,0.9722,0.9728,0.9722,0.9724
232,0.9667,0.9677,0.9667,0.9669
233,0.9722,0.9734,0.9722,0.9722
234,0.9778,0.9793,0.9778,0.9778
235,0.9833,0.9842,0.9833,0.9834
236,0.9778,0.9785,0.9778,0.9778
237,0.9833,0.9842,0.9833,0.9834
238,0.9833,0.9842,0.9833,0.9834
239,0.9667,0.9678,0.9667,0.9667
240,0.9667,0.9677,0.9667,0.9669
241,0.9667,0.9678,0.9667,0.9667
242,0.9722,0.9731,0.9722,0.9723
243,0.9667,0.9677,0.9667,0.9669
244,0.9667,0.9686,0.9667,0.9668
245,0.9667,0.9686,0.9667,0.9668
246,0.9778,0.9793,0.9778,0.9779
247,0.9778,0.9793,0.9778,0.9779
248,0.9722,0.9736,0.9722,0.9723
249,0.9778,0.9793,0.9778,0.9778
250,0.9778,0.9793,0.9778,0.9778
251,0.9778,0.9785,0.9778,0.9778
252,0.9667,0.9678,0.9667,0.9667
253,0.9722,0.9736,0.9722,0.9723
254,0.9667,0.9686,0.9667,0.9668
255,0.9667,0.9686,0.9667,0.9668
256,0.9778,0.9785,0.9778,0.9778
257,0.9722,0.9731,0.9722,0.9723
258,0.9722,0.9731,0.9722,0.9723
259,0.9667,0.9677,0.9667,0.9669
260,0.9722,0.9728,0.9722,0.9724
261,0.9778,0.9782,0.9778,0.9778
262,0.9833,0.9842,0.9833,0.9834
263,0.9778,0.9782,0.9778,0.9778
264,0.9778,0.9782,0.9778,0.9778
265,0.9778,0.9782,0.9778,0.9778
266,0.9778,0.9782,0.9778,0.9778
267,0.9833,0.9842,0.9833,0.9834
268,0.9833,0.9842,0.9833,0.9834
269,0.9833,0.9842,0.9833,0.9834
270,0.9833,0.9842,0.9833,0.9834
271,0.9833,0.9842,0.9833,0.9834
272,0.9778,0.9785,0.9778,0.9778
273,0.9778,0.9785,0.9778,0.9778
274,0.9722,0.9736,0.9722,0.9723
275,0.9722,0.9731,0.9722,0.9723
276,0.9778,0.9785,0.9778,0.9778
277,0.9778,0.9785,0.9778,0.9778
278,0.9722,0.9728,0.9722,0.9724
279,0.9722,0.9728,0.9722,0.9724
280,0.9722,0.9731,0.9722,0.9723
281,0.9722,0.9736,0.9722,0.9723
282,0.9667,0.9686,0.9667,0.9668
283,0.9722,0.9731,0.9722,0.9723
284,0.9667,0.9677,0.9667,0.9669
285,0.9778,0.9783,0.9778,0.9779
286,0.9833,0.9835,0.9833,0.9834
287,0.9833,0.9835,0.9833,0.9834
288,0.9833,0.9842,0.9833,0.9834
289,0.9778,0.9793,0.9778,0.9779
290,0.9778,0.9785,0.9778,0.9778
291,0.9778,0.9785,0.9778,0.9778
292,0.9833,0.9842,0.9833,0.9834
293,0.9778,0.9785,0.9778,0.9778
294,0.9722,0.9728,0.9722,0.9724
295,0.9722,0.9728,0.9722,0.9724
296,0.9778,0.9782,0.9778,0.9778
297,0.9778,0.9782,0.9778,0.9778
298,0.9778,0.9782,0.9778,0.9778
299,0.9722,0.9728,0.9722,0.9724
