# epoch,accuracy,precision,recall,f1_score
0,0.1923,0.0370,0.1923,0.0620
1,0.1923,0.0370,0.1923,0.0620
2,0.1923,0.0370,0.1923,0.0620
3,0.1923,0.0370,0.1923,0.0620
4,0.1923,0.0370,0.1923,0.0620
5,0.1923,0.0370,0.1923,0.0620
6,0.1923,0.0370,0.1923,0.0620
7,0.1923,0.0370,0.1923,0.0620
8,0.1923,0.0370,0.1923,0.0620
9,0.1923,0.0370,0.1923,0.0620
10,0.1923,0.0370,0.1923,0.0620
11,0.1923,0.0370,0.1923,0.0620
12,0.1923,0.0370,0.1923,0.0620
13,0.1923,0.0370,0.1923,0.0620
14,0.5055,0.2555,0.5055,0.3395
15,0.5055,0.2555,0.5055,0.3395
16,0.5055,0.2555,0.5055,0.3395
17,0.5055,0.2555,0.5055,0.3395
18,0.5055,0.2555,0.5055,0.3395
19,0.5055,0.2555,0.5055,0.3395
20,0.5055,0.2555,0.5055,0.3395
21,0.5055,0.2555,0.5055,0.3395
22,0.5055,0.2555,0.5055,0.3395
23,0.5055,0.2555,0.5055,0.3395
24,0.5055,0.2555,0.5055,0.3395
25,0.5055,0.2555,0.5055,0.3395
26,0.5055,0.2555,0.5055,0.3395
27,0.5055,0.2555,0.5055,0.3395
28,0.5055,0.2555,0.5055,0.3395
29,0.5055,0.2555,0.5055,0.3395
30,0.5055,0.2555,0.5055,0.3395
31,0.5055,0.2555,0.5055,0.3395
32,0.5055,0.2555,0.5055,0.3395
33,0.5055,0.2555,0.5055,0.3395
34,0.5055,0.2555,0.5055,0.3395
35,0.5055,0.2555,0.5055,0.3395
36,0.5055,0.2555,0.5055,0.3395
37,0.5055,0.2555,0.5055,0.3395
38,0.5055,0.2555,0.5055,0.3395
39,0.5055,0.2555,0.5055,0.3395
40,0.5055,0.2555,0.5055,0.3395
41,0.5055,0.2555,0.5055,0.3395
42,0.5055,0.2555,0.5055,0.3395
43,0.5055,0.2555,0.5055,0.3395
44,0.5055,0.2555,0.5055,0.3395
45,0.5055,0.2555,0.5055,0.3395
46,0.5055,0.2555,0.5055,0.3395
47,0.5055,0.2555,0.5055,0.3395
48,0.5330,0.5649,0.5330,0.3961
49,0.5769,0.5774,0.5769,0.4719
50,0.5989,0.5840,0.5989,0.5046
51,0.5385,0.5664,0.5385,0.4065
52,0.5824,0.5790,0.5824,0.4804
53,0.6044,0.5858,0.6044,0.5124
54,0.5989,0.5840,0.5989,0.5046
55,0.5495,0.5695,0.5495,0.4264
56,0.5055,0.2555,0.5055,0.3395
57,0.5769,0.5774,0.5769,0.4719
58,0.5714,0.5758,0.5714,0.4633
59,0.6154,0.5767,0.6154,0.5267
60,0.6154,0.5767,0.6154,0.5267
61,0.6538,0.6760,0.6538,0.5861
62,0.6648,0.7056,0.6648,0.5975
63,0.6154,0.5893,0.6154,0.5274
64,0.6429,0.6918,0.6429,0.5805
65,0.6593,0.6893,0.6593,0.6024
66,0.6703,0.7313,0.6703,0.6151
67,0.6593,0.7263,0.6593,0.6016
68,0.6813,0.7161,0.6813,0.6408
69,0.7527,0.7512,0.7527,0.7311
70,0.7253,0.7353,0.7253,0.6997
71,0.7582,0.7513,0.7582,0.7329
72,0.7308,0.7395,0.7308,0.6940
73,0.6429,0.6254,0.6429,0.5715
74,0.6374,0.6560,0.6374,0.5723
75,0.5604,0.5790,0.5604,0.4507
76,0.6264,0.6977,0.6264,0.5650
77,0.5659,0.6326,0.5659,0.4714
78,0.6209,0.6593,0.6209,0.5538
79,0.6758,0.7184,0.6758,0.6345
80,0.7088,0.7253,0.7088,0.6815
81,0.7033,0.7489,0.7033,0.6794
82,0.7088,0.7480,0.7088,0.6805
83,0.7088,0.7238,0.7088,0.6788
84,0.7857,0.8028,0.7857,0.7824
85,0.7912,0.7933,0.7912,0.7876
86,0.7033,0.7465,0.7033,0.6776
87,0.7088,0.7492,0.7088,0.6819
88,0.7802,0.7781,0.7802,0.7694
89,0.6923,0.7419,0.6923,0.6642
90,0.7747,0.7900,0.7747,0.7665
91,0.7418,0.7713,0.7418,0.7273
92,0.6868,0.7353,0.6868,0.6513
93,0.7198,0.7458,0.7198,0.6980
94,0.7198,0.7354,0.7198,0.6983
95,0.7198,0.7431,0.7198,0.6908
96,0.6868,0.7308,0.6868,0.6513
97,0.6868,0.7378,0.6868,0.6533
98,0.7527,0.7558,0.7527,0.7313
99,0.8626,0.8624,0.8626,0.8592
100,0.8681,0.8657,0.8681,0.8664
101,0.8077,0.8425,0.8077,0.8024
102,0.7088,0.7715,0.7088,0.6794
103,0.6648,0.7240,0.6648,0.6250
104,0.7912,0.8134,0.7912,0.7795
105,0.7527,0.7881,0.7527,0.7330
106,0.8242,0.8415,0.8242,0.8181
107,0.8242,0.8334,0.8242,0.8215
108,0.8297,0.8554,0.8297,0.8371
109,0.8791,0.8884,0.8791,0.8820
110,0.8516,0.8795,0.8516,0.8597
111,0.8516,0.8750,0.8516,0.8508
112,0.7253,0.7682,0.7253,0.7041
113,0.7582,0.7874,0.7582,0.7480
114,0.7967,0.8303,0.7967,0.7887
115,0.8022,0.8321,0.8022,0.7918
116,0.7747,0.8041,0.7747,0.7627
117,0.8297,0.8470,0.8297,0.8277
118,0.7473,0.7823,0.7473,0.7279
119,0.7582,0.7936,0.7582,0.7407
120,0.8681,0.8743,0.8681,0.8670
121,0.8516,0.8661,0.8516,0.8495
122,0.8297,0.8440,0.8297,0.8230
123,0.7198,0.7608,0.7198,0.6942
124,0.7692,0.8031,0.7692,0.7551
125,0.7967,0.8330,0.7967,0.7853
126,0.7802,0.8099,0.7802,0.7669
127,0.7967,0.8197,0.7967,0.7875
128,0.7967,0.8199,0.7967,0.7852
129,0.8187,0.8316,0.8187,0.8114
130,0.8352,0.8581,0.8352,0.8274
131,0.8516,0.8548,0.8516,0.8469
132,0.8407,0.8635,0.8407,0.8349
133,0.8846,0.9092,0.8846,0.8905
134,0.8681,0.8831,0.8681,0.8698
135,0.8462,0.8712,0.8462,0.8432
136,0.7802,0.8165,0.7802,0.7657
137,0.8132,0.8587,0.8132,0.8033
138,0.8681,0.8811,0.8681,0.8644
139,0.8791,0.8844,0.8791,0.8765
140,0.8791,0.8915,0.8791,0.8806
141,0.7857,0.8301,0.7857,0.7733
142,0.7308,0.7812,0.7308,0.7044
143,0.7088,0.7589,0.7088,0.6797
144,0.7857,0.8055,0.7857,0.7719
145,0.9396,0.9387,0.9396,0.9384
146,0.9286,0.9282,0.9286,0.9279
147,0.9011,0.9049,0.9011,0.9006
148,0.8956,0.8992,0.8956,0.8945
149,0.9231,0.9303,0.9231,0.9229
150,0.8022,0.8295,0.8022,0.7914
151,0.8736,0.8936,0.8736,0.8695
152,0.9341,0.9372,0.9341,0.9350
153,0.9451,0.9493,0.9451,0.9460
154,0.9176,0.9315,0.9176,0.9208
155,0.9396,0.9456,0.9396,0.9411
156,0.9011,0.9297,0.9011,0.9074
157,0.9286,0.9345,0.9286,0.9278
158,0.9286,0.9375,0.9286,0.9288
159,0.9121,0.9253,0.9121,0.9124
160,0.8571,0.8741,0.8571,0.8532
161,0.8901,0.9105,0.8901,0.8884
162,0.8956,0.9154,0.8956,0.8948
163,0.9286,0.9408,0.9286,0.9308
164,0.8462,0.8881,0.8462,0.8401
165,0.8626,0.8950,0.8626,0.8584
166,0.9505,0.9550,0.9505,0.9506
167,0.8077,0.8349,0.8077,0.7976
168,0.8626,0.8739,0.8626,0.8584
169,0.9670,0.9671,0.9670,0.9669
170,0.9396,0.9398,0.9396,0.9387
171,0.8352,0.8617,0.8352,0.8295
172,0.8626,0.8721,0.8626,0.8584
173,0.7967,0.8240,0.7967,0.7859
174,0.9011,0.9217,0.9011,0.9003
175,0.9396,0.9453,0.9396,0.9392
176,0.9231,0.9279,0.9231,0.9225
177,0.9231,0.9315,0.9231,0.9242
178,0.9341,0.9391,0.9341,0.9349
179,0.9121,0.9111,0.9121,0.9109
180,0.9451,0.9468,0.9451,0.9446
181,0.9396,0.9429,0.9396,0.9388
182,0.7802,0.8134,0.7802,0.7660
183,0.8187,0.8469,0.8187,0.8074
184,0.9505,0.9515,0.9505,0.9501
185,0.9286,0.9329,0.9286,0.9293
186,0.9396,0.9402,0.9396,0.9384
187,0.9451,0.9494,0.9451,0.9448
188,0.9341,0.9403,0.9341,0.9333
189,0.9396,0.9472,0.9396,0.9397
190,0.9615,0.9638,0.9615,0.9613
191,0.9505,0.9516,0.9505,0.9509
192,0.9560,0.9579,0.9560,0.9561
193,0.9615,0.9634,0.9615,0.9619
194,0.9505,0.9576,0.9505,0.9522
195,0.9560,0.9579,0.9560,0.9564
196,0.9615,0.9629,0.9615,0.9613
197,0.9560,0.9592,0.9560,0.9561
198,0.9341,0.9383,0.9341,0.9332
199,0.9176,0.9254,0.9176,0.9163
200,0.9341,0.9382,0.9341,0.9330
201,0.9341,0.9414,0.9341,0.9337
202,0.9341,0.9414,0.9341,0.9337
203,0.9560,0.9567,0.9560,0.9560
204,0.9670,0.9674,0.9670,0.9669
205,0.9725,0.9743,0.9725,0.9727
206,0.9780,0.9790,0.9780,0.9781
207,0.9560,0.9560,0.9560,0.9560
208,0.9615,0.9611,0.9615,0.9612
209,0.9396,0.9453,0.9396,0.9392
210,0.9231,0.9292,0.9231,0.9217
211,0.9560,0.9569,0.9560,0.9555
212,0.9615,0.9617,0.9615,0.9613
213,0.9670,0.9671,0.9670,0.9669
214,0.9670,0.9680,0.9670,0.9673
215,0.9505,0.9545,0.9505,0.9506
216,0.8571,0.8806,0.8571,0.8497
217,0.9286,0.9364,0.9286,0.9277
218,0.9396,0.9505,0.9396,0.9420
219,0.9615,0.9655,0.9615,0.9625
220,0.9560,0.9594,0.9560,0.9558
221,0.9560,0.9597,0.9560,0.9563
222,0.9670,0.9669,0.9670,0.9669
223,0.9505,0.9530,0.9505,0.9504
224,0.9396,0.9431,0.9396,0.9390
225,0.9560,0.9569,0.9560,0.9556
226,0.9615,0.9619,0.9615,0.9617
227,0.9670,0.9698,0.9670,0.9676
228,0.9670,0.9669,0.9670,0.9669
229,0.9725,0.9726,0.9725,0.9724
230,0.9560,0.9587,0.9560,0.9555
231,0.9560,0.9615,0.9560,0.9573
232,0.9615,0.9679,0.9615,0.9627
233,0.9505,0.9607,0.9505,0.9523
234,0.9505,0.9607,0.9505,0.9523
235,0.9560,0.9591,0.9560,0.9569
236,0.9725,0.9729,0.9725,0.9726
237,0.9725,0.9728,0.9725,0.9725
238,0.9505,0.9564,0.9505,0.9506
239,0.9615,0.9632,0.9615,0.9615
240,0.9725,0.9728,0.9725,0.9725
241,0.9725,0.9728,0.9725,0.9725
242,0.9725,0.9741,0.9725,0.9729
243,0.9615,0.9634,0.9615,0.9619
244,0.9505,0.9563,0.9505,0.9510
245,0.9780,0.9803,0.9780,0.9784
246,0.9725,0.9741,0.9725,0.9729
247,0.9670,0.9680,0.9670,0.9673
248,0.9725,0.9726,0.9725,0.9724
249,0.9670,0.9673,0.9670,0.9671
250,0.9560,0.9567,0.9560,0.9560
251,0.9615,0.9610,0.9615,0.9609
252,0.9286,0.9316,0.9286,0.9271
253,0.9011,0.9107,0.9011,0.8982
254,0.9560,0.9573,0.9560,0.9565
255,0.9505,0.9573,0.9505,0.9518
256,0.9560,0.9642,0.9560,0.9570
257,0.9725,0.9743,0.9725,0.9729
258,0.9725,0.9725,0.9725,0.9725
259,0.9560,0.9563,0.9560,0.9560
260,0.9451,0.9467,0.9451,0.9454
261,0.9615,0.9655,0.9615,0.9625
262,0.9286,0.9355,0.9286,0.9282
263,0.9505,0.9543,0.9505,0.9500
264,0.9780,0.9780,0.9780,0.9780
265,0.9670,0.9674,0.9670,0.9671
266,0.9560,0.9566,0.9560,0.9563
267,0.9615,0.9623,0.9615,0.9618
268,0.9725,0.9734,0.9725,0.9728
269,0.9725,0.9725,0.9725,0.9725
270,0.9670,0.9680,0.9670,0.9673
271,0.9725,0.9742,0.9725,0.9730
272,0.9670,0.9678,0.9670,0.9673
273,0.9670,0.9696,0.9670,0.9677
274,0.9560,0.9558,0.9560,0.9557
275,0.9725,0.9729,0.9725,0.9726
276,0.9670,0.9670,0.9670,0.9669
277,0.9725,0.9725,0.9725,0.9725
278,0.9560,0.9563,0.9560,0.9560
279,0.9615,0.9624,0.9615,0.9619
280,0.9670,0.9670,0.9670,0.9670
281,0.9615,0.9616,0.9615,0.9613
282,0.9670,0.9670,0.9670,0.9670
283,0.9670,0.9673,0.9670,0.9671
284,0.9615,0.9625,0.9615,0.9618
285,0.9670,0.9697,0.9670,0.9677
286,0.9670,0.9699,0.9670,0.9675
287,0.9615,0.9638,0.9615,0.9613
288,0.9725,0.9725,0.9725,0.9725
289,0.9670,0.9674,0.9670,0.9669
290,0.9780,0.9780,0.9780,0.9779
291,0.9615,0.9653,0.9615,0.9624
292,0.9615,0.9625,0.9615,0.9618
293,0.9615,0.9634,0.9615,0.9619
294,0.9725,0.9725,0.9725,0.9725
295,0.9725,0.9725,0.9725,0.9725
296,0.9670,0.9675,0.9670,0.9671
297,0.9725,0.9730,0.9725,0.9727
298,0.9725,0.9725,0.9725,0.9725
299,0.9780,0.9788,0.9780,0.9782
