# epoch,accuracy,precision,recall,f1_score
0,0.3022,0.0913,0.3022,0.1403
1,0.3022,0.0913,0.3022,0.1403
2,0.3022,0.0913,0.3022,0.1403
3,0.3022,0.0913,0.3022,0.1403
4,0.3022,0.0913,0.3022,0.1403
5,0.3022,0.0913,0.3022,0.1403
6,0.5055,0.2555,0.5055,0.3395
7,0.5055,0.2555,0.5055,0.3395
8,0.5055,0.2555,0.5055,0.3395
9,0.5055,0.2555,0.5055,0.3395
10,0.5055,0.2555,0.5055,0.3395
11,0.5055,0.2555,0.5055,0.3395
12,0.5055,0.2555,0.5055,0.3395
13,0.5055,0.2555,0.5055,0.3395
14,0.5055,0.2555,0.5055,0.3395
15,0.5055,0.2555,0.5055,0.3395
16,0.5055,0.2555,0.5055,0.3395
17,0.5055,0.2555,0.5055,0.3395
18,0.5055,0.2555,0.5055,0.3395
19,0.5055,0.2555,0.5055,0.3395
20,0.5055,0.2555,0.5055,0.3395
21,0.5055,0.2555,0.5055,0.3395
22,0.5055,0.2555,0.5055,0.3395
23,0.5055,0.2555,0.5055,0.3395
24,0.5055,0.2555,0.5055,0.3395
25,0.5440,0.5679,0.5440,0.4166
26,0.5385,0.4858,0.5385,0.4192
27,0.5330,0.4829,0.5330,0.4154
28,0.5055,0.2555,0.5055,0.3395
29,0.5055,0.2555,0.5055,0.3395
30,0.5055,0.2555,0.5055,0.3395
31,0.5055,0.2555,0.5055,0.3395
32,0.5055,0.2555,0.5055,0.3395
33,0.5055,0.2555,0.5055,0.3395
34,0.5055,0.2555,0.5055,0.3395
35,0.5055,0.2555,0.5055,0.3395
36,0.5055,0.2555,0.5055,0.3395
37,0.5055,0.2555,0.5055,0.3395
38,0.5055,0.2555,0.5055,0.3395
39,0.5055,0.2555,0.5055,0.3395
40,0.5055,0.2555,0.5055,0.3395
41,0.5055,0.2555,0.5055,0.3395
42,0.5055,0.2555,0.5055,0.3395
43,0.5055,0.2555,0.5055,0.3395
44,0.5055,0.2555,0.5055,0.3395
45,0.5055,0.2555,0.5055,0.3395
46,0.5055,0.2555,0.5055,0.3395
47,0.5110,0.5591,0.5110,0.3515
48,0.5055,0.2555,0.5055,0.3395
49,0.5055,0.2555,0.5055,0.3395
50,0.5055,0.2555,0.5055,0.3395
51,0.5055,0.2555,0.5055,0.3395
52,0.5604,0.5726,0.5604,0.4453
53,0.5769,0.5774,0.5769,0.4719
54,0.5385,0.5664,0.5385,0.4065
55,0.5110,0.5591,0.5110,0.3515
56,0.5110,0.5591,0.5110,0.3515
57,0.5220,0.5620,0.5220,0.3745
58,0.5110,0.5591,0.5110,0.3515
59,0.5440,0.5679,0.5440,0.4166
60,0.6264,0.6790,0.6264,0.5473
61,0.5659,0.6735,0.5659,0.4611
62,0.5604,0.5726,0.5604,0.4453
63,0.6044,0.6837,0.6044,0.5178
64,0.6264,0.7389,0.6264,0.5553
65,0.6648,0.7349,0.6648,0.6033
66,0.6429,0.6701,0.6429,0.5771
67,0.5714,0.5574,0.5714,0.4658
68,0.6429,0.6873,0.6429,0.5762
69,0.6154,0.6319,0.6154,0.5333
70,0.5934,0.7123,0.5934,0.5048
71,0.6538,0.7291,0.6538,0.5899
72,0.7143,0.7183,0.7143,0.6684
73,0.6978,0.7275,0.6978,0.6562
74,0.7363,0.7472,0.7363,0.7077
75,0.6648,0.7287,0.6648,0.6083
76,0.6374,0.7245,0.6374,0.5755
77,0.6264,0.6814,0.6264,0.5563
78,0.6538,0.6907,0.6538,0.5998
79,0.6648,0.6865,0.6648,0.6175
80,0.6703,0.7164,0.6703,0.6182
81,0.7747,0.7803,0.7747,0.7514
82,0.7692,0.7761,0.7692,0.7564
83,0.7637,0.7760,0.7637,0.7480
84,0.7033,0.7332,0.7033,0.6695
85,0.6538,0.7055,0.6538,0.6009
86,0.6484,0.7298,0.6484,0.5903
87,0.6923,0.7297,0.6923,0.6584
88,0.8132,0.8195,0.8132,0.8018
89,0.7253,0.7688,0.7253,0.7006
90,0.6319,0.7010,0.6319,0.5736
91,0.7527,0.7582,0.7527,0.7338
92,0.7198,0.7480,0.7198,0.6920
93,0.6703,0.7259,0.6703,0.6286
94,0.6593,0.7190,0.6593,0.6135
95,0.7802,0.7918,0.7802,0.7669
96,0.8407,0.8459,0.8407,0.8329
97,0.7363,0.7709,0.7363,0.7129
98,0.8297,0.8329,0.8297,0.8231
99,0.7363,0.7826,0.7363,0.7120
100,0.7692,0.7969,0.7692,0.7604
101,0.8077,0.8182,0.8077,0.8037
102,0.7967,0.8035,0.7967,0.7846
103,0.8187,0.8253,0.8187,0.8085
104,0.8407,0.8516,0.8407,0.8368
105,0.8352,0.8468,0.8352,0.8278
106,0.7088,0.7612,0.7088,0.6790
107,0.7527,0.7931,0.7527,0.7331
108,0.7418,0.7803,0.7418,0.7213
109,0.8571,0.8606,0.8571,0.8516
110,0.7967,0.8327,0.7967,0.7900
111,0.8626,0.8740,0.8626,0.8587
112,0.8791,0.8836,0.8791,0.8753
113,0.7802,0.7973,0.7802,0.7645
114,0.7033,0.7560,0.7033,0.6731
115,0.7033,0.7549,0.7033,0.6720
116,0.7857,0.8036,0.7857,0.7713
117,0.7692,0.7865,0.7692,0.7492
118,0.8077,0.8293,0.8077,0.7927
119,0.8736,0.8789,0.8736,0.8684
120,0.8462,0.8567,0.8462,0.8383
121,0.8736,0.8817,0.8736,0.8659
122,0.9011,0.9028,0.9011,0.8979
123,0.8846,0.8881,0.8846,0.8826
124,0.8736,0.8898,0.8736,0.8780
125,0.8626,0.8750,0.8626,0.8625
126,0.8407,0.8541,0.8407,0.8363
127,0.8901,0.8928,0.8901,0.8867
128,0.8352,0.8437,0.8352,0.8268
129,0.8516,0.8625,0.8516,0.8462
130,0.9341,0.9359,0.9341,0.9329
131,0.8626,0.8760,0.8626,0.8622
132,0.7857,0.8227,0.7857,0.7720
133,0.7088,0.7723,0.7088,0.6706
134,0.8022,0.8303,0.8022,0.7909
135,0.8736,0.8811,0.8736,0.8695
136,0.9066,0.9104,0.9066,0.9045
137,0.9286,0.9352,0.9286,0.9296
138,0.8846,0.9065,0.8846,0.8890
139,0.8571,0.8742,0.8571,0.8598
140,0.8791,0.8882,0.8791,0.8728
141,0.8571,0.8715,0.8571,0.8509
142,0.7802,0.8174,0.7802,0.7641
143,0.9176,0.9207,0.9176,0.9160
144,0.8736,0.8811,0.8736,0.8699
145,0.8736,0.8837,0.8736,0.8696
146,0.9286,0.9302,0.9286,0.9260
147,0.9121,0.9095,0.9121,0.9086
148,0.9066,0.9086,0.9066,0.9042
149,0.8626,0.8739,0.8626,0.8639
150,0.9176,0.9165,0.9176,0.9151
151,0.9121,0.9136,0.9121,0.9090
152,0.8901,0.8955,0.8901,0.8872
153,0.7527,0.8001,0.7527,0.7307
154,0.7473,0.8171,0.7473,0.7131
155,0.8571,0.8859,0.8571,0.8551
156,0.9396,0.9396,0.9396,0.9389
157,0.8681,0.8683,0.8681,0.8679
158,0.8352,0.8509,0.8352,0.8323
159,0.8297,0.8533,0.8297,0.8243
160,0.8956,0.9017,0.8956,0.8911
161,0.8846,0.8889,0.8846,0.8803
162,0.8956,0.9017,0.8956,0.8930
163,0.9451,0.9447,0.9451,0.9446
164,0.9121,0.9134,0.9121,0.9124
165,0.9615,0.9612,0.9615,0.9613
166,0.9231,0.9240,0.9231,0.9221
167,0.9670,0.9668,0.9670,0.9669
168,0.9670,0.9670,0.9670,0.9670
169,0.9615,0.9617,0.9615,0.9608
170,0.9451,0.9464,0.9451,0.9430
171,0.9121,0.9201,0.9121,0.9107
172,0.9176,0.9345,0.9176,0.9204
173,0.9176,0.9239,0.9176,0.9141
174,0.8681,0.8922,0.8681,0.8637
175,0.9615,0.9621,0.9615,0.9608
176,0.9615,0.9621,0.9615,0.9608
177,0.9341,0.9328,0.9341,0.9317
178,0.9286,0.9288,0.9286,0.9276
179,0.9011,0.9207,0.9011,0.9062
180,0.8956,0.9178,0.8956,0.9012
181,0.9505,0.9519,0.9505,0.9508
182,0.9066,0.9168,0.9066,0.9095
183,0.9231,0.9244,0.9231,0.9226
184,0.9011,0.9114,0.9011,0.8890
185,0.8681,0.8853,0.8681,0.8483
186,0.9121,0.9143,0.9121,0.9088
187,0.9670,0.9670,0.9670,0.9668
188,0.9560,0.9565,0.9560,0.9557
189,0.8791,0.9161,0.8791,0.8847
190,0.9176,0.9344,0.9176,0.9208
191,0.9286,0.9298,0.9286,0.9276
192,0.9451,0.9447,0.9451,0.9437
193,0.9505,0.9502,0.9505,0.9503
194,0.9505,0.9499,0.9505,0.9498
195,0.9725,0.9723,0.9725,0.9723
196,0.9121,0.9268,0.9121,0.9160
197,0.9505,0.9514,0.9505,0.9504
198,0.9121,0.9182,0.9121,0.9104
199,0.9560,0.9571,0.9560,0.9554
200,0.9615,0.9610,0.9615,0.9609
201,0.9670,0.9671,0.9670,0.9663
202,0.9615,0.9617,0.9615,0.9613
203,0.8956,0.9182,0.8956,0.8974
204,0.9560,0.9572,0.9560,0.9556
205,0.9560,0.9554,0.9560,0.9550
206,0.9560,0.9559,0.9560,0.9551
207,0.9505,0.9499,0.9505,0.9498
208,0.9615,0.9610,0.9615,0.9608
209,0.9560,0.9567,0.9560,0.9560
210,0.9725,0.9725,0.9725,0.9723
211,0.9670,0.9668,0.9670,0.9669
212,0.9670,0.9668,0.9670,0.9669
213,0.9396,0.9439,0.9396,0.9362
214,0.9615,0.9620,0.9615,0.9605
215,0.9670,0.9670,0.9670,0.9668
216,0.9451,0.9460,0.9451,0.9440
217,0.9505,0.9512,0.9505,0.9498
218,0.9396,0.9465,0.9396,0.9397
219,0.9725,0.9723,0.9725,0.9723
220,0.9780,0.9780,0.9780,0.9780
221,0.9615,0.9655,0.9615,0.9625
222,0.7473,0.8908,0.7473,0.7686
223,0.9011,0.9251,0.9011,0.9068
224,0.9066,0.9189,0.9066,0.9095
225,0.9560,0.9591,0.9560,0.9569
226,0.9396,0.9430,0.9396,0.9375
227,0.9670,0.9668,0.9670,0.9669
228,0.9725,0.9723,0.9725,0.9723
229,0.9725,0.9723,0.9725,0.9723
230,0.9341,0.9372,0.9341,0.9339
231,0.9615,0.9621,0.9615,0.9615
232,0.9505,0.9530,0.9505,0.9504
233,0.9615,0.9613,0.9615,0.9608
234,0.9505,0.9512,0.9505,0.9484
235,0.9670,0.9666,0.9670,0.9666
236,0.9670,0.9668,0.9670,0.9669
237,0.9505,0.9528,0.9505,0.9512
238,0.9560,0.9581,0.9560,0.9558
239,0.9670,0.9670,0.9670,0.9670
240,0.9615,0.9639,0.9615,0.9606
241,0.9396,0.9430,0.9396,0.9375
242,0.9670,0.9668,0.9670,0.9669
243,0.9670,0.9668,0.9670,0.9669
244,0.9725,0.9725,0.9725,0.9725
245,0.9560,0.9620,0.9560,0.9570
246,0.9670,0.9668,0.9670,0.9669
247,0.9670,0.9668,0.9670,0.9669
248,0.9615,0.9615,0.9615,0.9615
249,0.9670,0.9673,0.9670,0.9671
250,0.9286,0.9420,0.9286,0.9311
251,0.9560,0.9580,0.9560,0.9566
252,0.9670,0.9670,0.9670,0.9670
253,0.9560,0.9558,0.9560,0.9554
254,0.9725,0.9723,0.9725,0.9723
255,0.9670,0.9668,0.9670,0.9669
256,0.9725,0.9725,0.9725,0.9725
257,0.9670,0.9685,0.9670,0.9673
258,0.9505,0.9535,0.9505,0.9514
259,0.9670,0.9668,0.9670,0.9669
260,0.9670,0.9668,0.9670,0.9669
261,0.9670,0.9668,0.9670,0.9669
262,0.9670,0.9686,0.9670,0.9674
263,0.9725,0.9732,0.9725,0.9726
264,0.9505,0.9515,0.9505,0.9507
265,0.9725,0.9723,0.9725,0.9723
266,0.9670,0.9671,0.9670,0.9668
267,0.9670,0.9674,0.9670,0.9672
268,0.9725,0.9725,0.9725,0.9725
269,0.9725,0.9725,0.9725,0.9725
270,0.9670,0.9668,0.9670,0.9669
271,0.9670,0.9671,0.9670,0.9668
272,0.9725,0.9725,0.9725,0.9725
273,0.9670,0.9668,0.9670,0.9669
274,0.9725,0.9723,0.9725,0.9723
275,0.9670,0.9688,0.9670,0.9675
276,0.9451,0.9524,0.9451,0.9465
277,0.9780,0.9783,0.9780,0.9781
278,0.9670,0.9674,0.9670,0.9672
279,0.9725,0.9731,0.9725,0.9727
280,0.9670,0.9678,0.9670,0.9673
281,0.9670,0.9670,0.9670,0.9670
282,0.9670,0.9674,0.9670,0.9672
283,0.9670,0.9672,0.9670,0.9670
284,0.9725,0.9725,0.9725,0.9725
285,0.9725,0.9725,0.9725,0.9725
286,0.9780,0.9782,0.9780,0.9781
287,0.9725,0.9725,0.9725,0.9725
288,0.9725,0.9725,0.9725,0.9725
289,0.9725,0.9725,0.9725,0.9725
290,0.9780,0.9783,0.9780,0.9781
291,0.9725,0.9725,0.9725,0.9725
292,0.9725,0.9725,0.9725,0.9725
293,0.9725,0.9725,0.9725,0.9725
294,0.9725,0.9734,0.9725,0.9728
295,0.9725,0.9725,0.9725,0.9725
296,0.9725,0.9725,0.9725,0.9725
297,0.9670,0.9674,0.9670,0.9672
298,0.9725,0.9725,0.9725,0.9725
299,0.9725,0.9725,0.9725,0.9725
