# epoch,accuracy,precision,recall,f1_score
0,0.3260,0.1063,0.3260,0.1603
1,0.3260,0.1063,0.3260,0.1603
2,0.3260,0.1063,0.3260,0.1603
3,0.3260,0.1063,0.3260,0.1603
4,0.3260,0.1063,0.3260,0.1603
5,0.3260,0.1063,0.3260,0.1603
6,0.3260,0.1063,0.3260,0.1603
7,0.4917,0.2418,0.4917,0.3242
8,0.4917,0.2418,0.4917,0.3242
9,0.4917,0.2418,0.4917,0.3242
10,0.4917,0.2418,0.4917,0.3242
11,0.4917,0.2418,0.4917,0.3242
12,0.4917,0.2418,0.4917,0.3242
13,0.4917,0.2418,0.4917,0.3242
14,0.4917,0.2418,0.4917,0.3242
15,0.4917,0.2418,0.4917,0.3242
16,0.4917,0.2418,0.4917,0.3242
17,0.4917,0.2418,0.4917,0.3242
18,0.5028,0.5912,0.5028,0.3492
19,0.5028,0.5912,0.5028,0.3492
20,0.5028,0.4102,0.5028,0.3497
21,0.5028,0.3936,0.5028,0.3662
22,0.5028,0.4102,0.5028,0.3497
23,0.5083,0.7541,0.5083,0.3599
24,0.4917,0.2418,0.4917,0.3242
25,0.4917,0.2418,0.4917,0.3242
26,0.4917,0.2418,0.4917,0.3242
27,0.4917,0.2418,0.4917,0.3242
28,0.4917,0.2418,0.4917,0.3242
29,0.4917,0.2418,0.4917,0.3242
30,0.4917,0.2418,0.4917,0.3242
31,0.4917,0.2418,0.4917,0.3242
32,0.4917,0.2418,0.4917,0.3242
33,0.4917,0.2418,0.4917,0.3242
34,0.4917,0.2418,0.4917,0.3242
35,0.4917,0.2418,0.4917,0.3242
36,0.4917,0.2418,0.4917,0.3242
37,0.4917,0.2418,0.4917,0.3242
38,0.4917,0.2418,0.4917,0.3242
39,0.4917,0.2418,0.4917,0.3242
40,0.4917,0.2418,0.4917,0.3242
41,0.4917,0.2418,0.4917,0.3242
42,0.4917,0.2418,0.4917,0.3242
43,0.4917,0.2418,0.4917,0.3242
44,0.4917,0.2418,0.4917,0.3242
45,0.4917,0.2418,0.4917,0.3242
46,0.4917,0.2418,0.4917,0.3242
47,0.4917,0.2418,0.4917,0.3242
48,0.4917,0.2431,0.4917,0.3254
49,0.4917,0.2431,0.4917,0.3254
50,0.4917,0.2418,0.4917,0.3242
51,0.4917,0.2445,0.4917,0.3266
52,0.4972,0.5691,0.4972,0.3362
53,0.5193,0.5804,0.5193,0.3863
54,0.5083,0.5746,0.5083,0.3618
55,0.4917,0.2431,0.4917,0.3254
56,0.5138,0.5262,0.5138,0.3843
57,0.5691,0.5330,0.5691,0.4772
58,0.5856,0.5513,0.5856,0.5388
59,0.5359,0.6096,0.5359,0.4309
60,0.5028,0.5804,0.5028,0.3567
61,0.5028,0.5819,0.5028,0.3580
62,0.5028,0.6015,0.5028,0.3584
63,0.5856,0.6090,0.5856,0.5132
64,0.5691,0.6221,0.5691,0.4871
65,0.5580,0.6472,0.5580,0.4719
66,0.5525,0.6594,0.5525,0.4558
67,0.6133,0.6912,0.6133,0.5558
68,0.6133,0.6861,0.6133,0.5610
69,0.5801,0.6568,0.5801,0.5147
70,0.6409,0.7070,0.6409,0.6069
71,0.6851,0.7181,0.6851,0.6663
72,0.5691,0.6897,0.5691,0.4931
73,0.6243,0.6800,0.6243,0.5772
74,0.6077,0.6501,0.6077,0.5495
75,0.6354,0.6778,0.6354,0.5890
76,0.6575,0.7031,0.6575,0.6206
77,0.6464,0.7184,0.6464,0.6039
78,0.6354,0.7177,0.6354,0.5851
79,0.6243,0.7087,0.6243,0.5716
80,0.6464,0.6621,0.6464,0.6095
81,0.6464,0.6770,0.6464,0.6095
82,0.7403,0.7640,0.7403,0.7253
83,0.7735,0.7806,0.7735,0.7619
84,0.6409,0.6989,0.6409,0.5972
85,0.6243,0.7198,0.6243,0.5645
86,0.6519,0.7089,0.6519,0.6208
87,0.5635,0.6633,0.5635,0.4729
88,0.6022,0.6853,0.6022,0.5495
89,0.7017,0.7699,0.7017,0.6761
90,0.5193,0.6361,0.5193,0.4027
91,0.5856,0.6912,0.5856,0.5266
92,0.6796,0.7938,0.6796,0.6376
93,0.7735,0.8273,0.7735,0.7630
94,0.6906,0.7470,0.6906,0.6745
95,0.8232,0.8367,0.8232,0.8190
96,0.7569,0.7958,0.7569,0.7422
97,0.6133,0.6881,0.6133,0.5649
98,0.6685,0.7194,0.6685,0.6375
99,0.6851,0.7395,0.6851,0.6579
100,0.6464,0.7109,0.6464,0.6049
101,0.6685,0.7391,0.6685,0.6338
102,0.7790,0.8459,0.7790,0.7739
103,0.7514,0.8355,0.7514,0.7397
104,0.7238,0.7811,0.7238,0.7095
105,0.8508,0.8703,0.8508,0.8503
106,0.8232,0.8257,0.8232,0.8243
107,0.8840,0.8807,0.8840,0.8814
108,0.7901,0.8046,0.7901,0.7840
109,0.7624,0.7897,0.7624,0.7546
110,0.7238,0.8072,0.7238,0.7063
111,0.8343,0.8689,0.8343,0.8344
112,0.8066,0.8176,0.8066,0.8028
113,0.8177,0.8423,0.8177,0.8251
114,0.8619,0.8862,0.8619,0.8673
115,0.7348,0.8176,0.7348,0.7167
116,0.6133,0.7248,0.6133,0.5534
117,0.6133,0.7161,0.6133,0.5596
118,0.7072,0.7777,0.7072,0.6833
119,0.8343,0.8587,0.8343,0.8306
120,0.8950,0.9007,0.8950,0.8950
121,0.8122,0.8421,0.8122,0.8095
122,0.8619,0.8746,0.8619,0.8613
123,0.6796,0.7686,0.6796,0.6403
124,0.6740,0.7606,0.6740,0.6331
125,0.8066,0.8411,0.8066,0.8008
126,0.8398,0.8548,0.8398,0.8385
127,0.8674,0.8697,0.8674,0.8642
128,0.8785,0.8862,0.8785,0.8809
129,0.8508,0.8806,0.8508,0.8486
130,0.8674,0.8874,0.8674,0.8678
131,0.8895,0.8902,0.8895,0.8880
132,0.8729,0.8714,0.8729,0.8684
133,0.8508,0.8557,0.8508,0.8471
134,0.8232,0.8383,0.8232,0.8179
135,0.7624,0.7959,0.7624,0.7488
136,0.8619,0.8623,0.8619,0.8595
137,0.9282,0.9278,0.9282,0.9267
138,0.8950,0.8969,0.8950,0.8939
139,0.7293,0.8095,0.7293,0.7102
140,0.7624,0.8332,0.7624,0.7509
141,0.8398,0.8584,0.8398,0.8377
142,0.8508,0.8485,0.8508,0.8474
143,0.8729,0.8729,0.8729,0.8717
144,0.8729,0.8766,0.8729,0.8713
145,0.8398,0.8466,0.8398,0.8360
146,0.9227,0.9219,0.9227,0.9215
147,0.9006,0.9049,0.9006,0.8959
148,0.8564,0.8720,0.8564,0.8417
149,0.8729,0.8874,0.8729,0.8614
150,0.8785,0.8894,0.8785,0.8705
151,0.9006,0.9047,0.9006,0.8993
152,0.7901,0.8343,0.7901,0.7849
153,0.8122,0.8499,0.8122,0.8077
154,0.8508,0.8620,0.8508,0.8481
155,0.9061,0.9045,0.9061,0.9029
156,0.8785,0.8817,0.8785,0.8755
157,0.8287,0.8398,0.8287,0.8246
158,0.9171,0.9187,0.9171,0.9143
159,0.8508,0.8731,0.8508,0.8564
160,0.8674,0.8997,0.8674,0.8705
161,0.8564,0.8752,0.8564,0.8541
162,0.8453,0.8622,0.8453,0.8413
163,0.8011,0.8260,0.8011,0.7941
164,0.7956,0.8221,0.7956,0.7896
165,0.8619,0.8783,0.8619,0.8598
166,0.9116,0.9137,0.9116,0.9109
167,0.8840,0.8876,0.8840,0.8817
168,0.9171,0.9179,0.9171,0.9148
169,0.8785,0.8845,0.8785,0.8762
170,0.9116,0.9153,0.9116,0.9100
171,0.9558,0.9558,0.9558,0.9557
172,0.9392,0.9402,0.9392,0.9395
173,0.9171,0.9299,0.9171,0.9195
174,0.8729,0.9108,0.8729,0.8759
175,0.8619,0.8918,0.8619,0.8620
176,0.9061,0.9135,0.9061,0.9067
177,0.9337,0.9352,0.9337,0.9335
178,0.9282,0.9390,0.9282,0.9305
179,0.9448,0.9459,0.9448,0.9448
180,0.8895,0.8973,0.8895,0.8876
181,0.8895,0.8989,0.8895,0.8864
182,0.9448,0.9454,0.9448,0.9438
183,0.9448,0.9444,0.9448,0.9438
184,0.9282,0.9280,0.9282,0.9276
185,0.8840,0.9076,0.8840,0.8860
186,0.9116,0.9228,0.9116,0.9129
187,0.8619,0.8787,0.8619,0.8621
188,0.8895,0.8926,0.8895,0.8871
189,0.8950,0.8992,0.8950,0.8934
190,0.8674,0.8749,0.8674,0.8644
191,0.9282,0.9292,0.9282,0.9264
192,0.9503,0.9528,0.9503,0.9497
193,0.9558,0.9560,0.9558,0.9554
194,0.9282,0.9304,0.9282,0.9280
195,0.9558,0.9561,0.9558,0.9555
196,0.9392,0.9404,0.9392,0.9390
197,0.9392,0.9404,0.9392,0.9390
198,0.9613,0.9618,0.9613,0.9612
199,0.9282,0.9296,0.9282,0.9270
200,0.9448,0.9478,0.9448,0.9439
201,0.9613,0.9622,0.9613,0.9615
202,0.9503,0.9541,0.9503,0.9513
203,0.9613,0.9620,0.9613,0.9612
204,0.9503,0.9519,0.9503,0.9500
205,0.9392,0.9427,0.9392,0.9368
206,0.9558,0.9576,0.9558,0.9552
207,0.9669,0.9679,0.9669,0.9667
208,0.9448,0.9467,0.9448,0.9446
209,0.9669,0.9669,0.9669,0.9669
210,0.9669,0.9676,0.9669,0.9667
211,0.9171,0.9233,0.9171,0.9144
212,0.9061,0.9096,0.9061,0.9045
213,0.8950,0.9089,0.8950,0.8960
214,0.9448,0.9526,0.9448,0.9458
215,0.9669,0.9679,0.9669,0.9667
216,0.9503,0.9534,0.9503,0.9495
217,0.9448,0.9455,0.9448,0.9438
218,0.9558,0.9576,0.9558,0.9552
219,0.9558,0.9561,0.9558,0.9555
220,0.9558,0.9575,0.9558,0.9547
221,0.9227,0.9291,0.9227,0.9185
222,0.9282,0.9301,0.9282,0.9273
223,0.9724,0.9726,0.9724,0.9724
224,0.9669,0.9678,0.9669,0.9664
225,0.9669,0.9670,0.9669,0.9667
226,0.9669,0.9705,0.9669,0.9674
227,0.9724,0.9724,0.9724,0.9723
228,0.9392,0.9427,0.9392,0.9372
229,0.9448,0.9475,0.9448,0.9433
230,0.9171,0.9212,0.9171,0.9164
231,0.9116,0.9222,0.9116,0.9112
232,0.9613,0.9618,0.9613,0.9612
233,0.9613,0.9627,0.9613,0.9606
234,0.9282,0.9327,0.9282,0.9247
235,0.9613,0.9627,0.9613,0.9606
236,0.9779,0.9783,0.9779,0.9779
237,0.9227,0.9259,0.9227,0.9219
238,0.9448,0.9456,0.9448,0.9444
239,0.9613,0.9630,0.9613,0.9611
240,0.9669,0.9674,0.9669,0.9670
241,0.9558,0.9584,0.9558,0.9562
242,0.9724,0.9746,0.9724,0.9728
243,0.9724,0.9747,0.9724,0.9728
244,0.9006,0.9089,0.9006,0.8996
245,0.9558,0.9574,0.9558,0.9559
246,0.9503,0.9519,0.9503,0.9508
247,0.9724,0.9725,0.9724,0.9723
248,0.9503,0.9534,0.9503,0.9495
249,0.9282,0.9354,0.9282,0.9253
250,0.9613,0.9626,0.9613,0.9606
251,0.9834,0.9836,0.9834,0.9833
252,0.9613,0.9628,0.9613,0.9607
253,0.9669,0.9690,0.9669,0.9663
254,0.9890,0.9892,0.9890,0.9890
255,0.9779,0.9779,0.9779,0.9779
256,0.9779,0.9782,0.9779,0.9780
257,0.9834,0.9841,0.9834,0.9835
258,0.9779,0.9779,0.9779,0.9779
259,0.9724,0.9732,0.9724,0.9726
260,0.9779,0.9782,0.9779,0.9780
261,0.9448,0.9461,0.9448,0.9445
262,0.9282,0.9335,0.9282,0.9278
263,0.9448,0.9456,0.9448,0.9444
264,0.9392,0.9420,0.9392,0.9385
265,0.9448,0.9486,0.9448,0.9444
266,0.9779,0.9782,0.9779,0.9778
267,0.9834,0.9835,0.9834,0.9834
268,0.9834,0.9835,0.9834,0.9834
269,0.9613,0.9617,0.9613,0.9614
270,0.9724,0.9728,0.9724,0.9722
271,0.9724,0.9738,0.9724,0.9720
272,0.9669,0.9680,0.9669,0.9665
273,0.9834,0.9835,0.9834,0.9834
274,0.9834,0.9835,0.9834,0.9834
275,0.9834,0.9835,0.9834,0.9834
276,0.9724,0.9729,0.9724,0.9722
277,0.9669,0.9669,0.9669,0.9667
278,0.9779,0.9782,0.9779,0.9780
279,0.9834,0.9841,0.9834,0.9835
280,0.9779,0.9793,0.9779,0.9781
281,0.9779,0.9782,0.9779,0.9780
282,0.9890,0.9890,0.9890,0.9889
283,0.9779,0.9787,0.9779,0.9777
284,0.9724,0.9731,0.9724,0.9722
285,0.9779,0.9783,0.9779,0.9779
286,0.9834,0.9841,0.9834,0.9835
287,0.9834,0.9841,0.9834,0.9835
288,0.9890,0.9891,0.9890,0.9890
289,0.9834,0.9835,0.9834,0.9834
290,0.9669,0.9680,0.9669,0.9665
291,0.9779,0.9783,0.9779,0.9779
292,0.9669,0.9678,0.9669,0.9669
293,0.9779,0.9779,0.9779,0.9778
294,0.9834,0.9834,0.9834,0.9834
295,0.9834,0.9834,0.9834,0.9834
296,0.9834,0.9834,0.9834,0.9834
297,0.9779,0.9779,0.9779,0.9778
298,0.9779,0.9782,0.9779,0.9780
299,0.9779,0.9793,0.9779,0.9781
