# epoch,accuracy,precision,recall,f1_score
0,0.3464,0.4015,0.3464,0.3553
1,0.5140,0.4557,0.5140,0.4628
2,0.5475,0.4826,0.5475,0.4539
3,0.5587,0.5088,0.5587,0.4596
4,0.5642,0.4849,0.5642,0.4514
5,0.5866,0.5401,0.5866,0.4824
6,0.6257,0.5505,0.6257,0.5413
7,0.6369,0.5752,0.6369,0.5507
8,0.5922,0.5840,0.5922,0.4817
9,0.6313,0.5836,0.6313,0.5403
10,0.6816,0.6077,0.6816,0.6038
11,0.7486,0.6245,0.7486,0.6736
12,0.7207,0.5942,0.7207,0.6494
13,0.7263,0.5991,0.7263,0.6547
14,0.7263,0.5978,0.7263,0.6542
15,0.7486,0.6141,0.7486,0.6738
16,0.7765,0.6407,0.7765,0.7001
17,0.7654,0.6377,0.7654,0.6918
18,0.7654,0.6398,0.7654,0.6925
19,0.7765,0.6534,0.7765,0.7039
20,0.7654,0.6478,0.7654,0.6946
21,0.7821,0.6539,0.7821,0.7078
22,0.7821,0.6562,0.7821,0.7085
23,0.7821,0.6518,0.7821,0.7070
24,0.7933,0.6562,0.7933,0.7158
25,0.7933,0.8482,0.7933,0.7265
26,0.7933,0.8502,0.7933,0.7346
27,0.8156,0.8676,0.8156,0.7797
28,0.8101,0.8682,0.8101,0.7708
29,0.7989,0.8638,0.7989,0.7497
30,0.8101,0.8795,0.8101,0.7679
31,0.7989,0.8753,0.7989,0.7527
32,0.7933,0.8732,0.7933,0.7481
33,0.7821,0.8692,0.7821,0.7390
34,0.7877,0.8710,0.7877,0.7497
35,0.8380,0.8718,0.8380,0.8183
36,0.8883,0.9072,0.8883,0.8797
37,0.8771,0.8949,0.8771,0.8679
38,0.8659,0.8807,0.8659,0.8567
39,0.8771,0.8896,0.8771,0.8727
40,0.8994,0.9077,0.8994,0.8965
41,0.9162,0.9242,0.9162,0.9143
42,0.9218,0.9283,0.9218,0.9204
43,0.9385,0.9440,0.9385,0.9379
44,0.9385,0.9416,0.9385,0.9381
45,0.9385,0.9416,0.9385,0.9381
46,0.9330,0.9370,0.9330,0.9323
47,0.9218,0.9283,0.9218,0.9204
48,0.9274,0.9326,0.9274,0.9264
49,0.9385,0.9415,0.9385,0.9376
50,0.9274,0.9281,0.9274,0.9271
51,0.9330,0.9353,0.9330,0.9325
52,0.9330,0.9337,0.9330,0.9319
53,0.9385,0.9395,0.9385,0.9380
54,0.9162,0.9221,0.9162,0.9159
55,0.9106,0.9154,0.9106,0.9103
56,0.9218,0.9259,0.9218,0.9208
57,0.9218,0.9238,0.9218,0.9216
58,0.9218,0.9244,0.9218,0.9212
59,0.9218,0.9252,0.9218,0.9219
60,0.9274,0.9284,0.9274,0.9275
61,0.9330,0.9351,0.9330,0.9336
62,0.9330,0.9401,0.9330,0.9345
63,0.9385,0.9411,0.9385,0.9391
64,0.9385,0.9419,0.9385,0.9390
65,0.9274,0.9294,0.9274,0.9279
66,0.9330,0.9339,0.9330,0.9333
67,0.9330,0.9336,0.9330,0.9332
68,0.9385,0.9427,0.9385,0.9394
69,0.9330,0.9373,0.9330,0.9340
70,0.9441,0.9451,0.9441,0.9440
71,0.9162,0.9239,0.9162,0.9170
72,0.9106,0.9189,0.9106,0.9114
73,0.9441,0.9484,0.9441,0.9446
74,0.9441,0.9492,0.9441,0.9445
75,0.9330,0.9368,0.9330,0.9322
76,0.9441,0.9492,0.9441,0.9445
77,0.9497,0.9538,0.9497,0.9501
78,0.9497,0.9533,0.9497,0.9501
79,0.9553,0.9567,0.9553,0.9557
80,0.9385,0.9447,0.9385,0.9388
81,0.9330,0.9390,0.9330,0.9333
82,0.9441,0.9468,0.9441,0.9442
83,0.9385,0.9389,0.9385,0.9386
84,0.9330,0.9333,0.9330,0.9331
85,0.9553,0.9567,0.9553,0.9557
86,0.9497,0.9522,0.9497,0.9501
87,0.9385,0.9427,0.9385,0.9389
88,0.9497,0.9522,0.9497,0.9501
89,0.9497,0.9538,0.9497,0.9501
90,0.9553,0.9569,0.9553,0.9556
91,0.9497,0.9518,0.9497,0.9502
92,0.9553,0.9572,0.9553,0.9555
93,0.9609,0.9622,0.9609,0.9611
94,0.9385,0.9402,0.9385,0.9390
95,0.9497,0.9516,0.9497,0.9501
96,0.9553,0.9585,0.9553,0.9557
97,0.9497,0.9518,0.9497,0.9502
98,0.9497,0.9514,0.9497,0.9501
99,0.9441,0.9446,0.9441,0.9443
100,0.9441,0.9455,0.9441,0.9445
101,0.9497,0.9504,0.9497,0.9499
102,0.9609,0.9608,0.9609,0.9608
103,0.9553,0.9565,0.9553,0.9556
104,0.9497,0.9533,0.9497,0.9501
105,0.9609,0.9634,0.9609,0.9612
106,0.9441,0.9469,0.9441,0.9447
107,0.9441,0.9469,0.9441,0.9447
108,0.9441,0.9480,0.9441,0.9450
109,0.9441,0.9462,0.9441,0.9447
110,0.9441,0.9473,0.9441,0.9449
111,0.9553,0.9579,0.9553,0.9558
112,0.9497,0.9528,0.9497,0.9503
113,0.9497,0.9528,0.9497,0.9503
114,0.9441,0.9478,0.9441,0.9448
115,0.9441,0.9464,0.9441,0.9446
116,0.9330,0.9390,0.9330,0.9333
117,0.9665,0.9688,0.9665,0.9668
118,0.9497,0.9511,0.9497,0.9501
119,0.9330,0.9343,0.9330,0.9334
120,0.9441,0.9465,0.9441,0.9443
121,0.9385,0.9394,0.9385,0.9388
122,0.9497,0.9521,0.9497,0.9504
123,0.9385,0.9412,0.9385,0.9393
124,0.9441,0.9469,0.9441,0.9447
125,0.9385,0.9423,0.9385,0.9393
126,0.9441,0.9485,0.9441,0.9451
127,0.9553,0.9580,0.9553,0.9559
128,0.9553,0.9588,0.9553,0.9550
129,0.9441,0.9445,0.9441,0.9440
130,0.9385,0.9423,0.9385,0.9393
131,0.9441,0.9475,0.9441,0.9450
132,0.9553,0.9585,0.9553,0.9557
133,0.9497,0.9538,0.9497,0.9501
134,0.9553,0.9569,0.9553,0.9556
135,0.9553,0.9561,0.9553,0.9555
136,0.9497,0.9522,0.9497,0.9498
137,0.9330,0.9337,0.9330,0.9329
138,0.9385,0.9398,0.9385,0.9386
139,0.9274,0.9289,0.9274,0.9274
140,0.9274,0.9289,0.9274,0.9274
141,0.9553,0.9561,0.9553,0.9555
142,0.9497,0.9501,0.9497,0.9499
143,0.9385,0.9387,0.9385,0.9385
144,0.9553,0.9556,0.9553,0.9554
145,0.9497,0.9511,0.9497,0.9501
146,0.9497,0.9513,0.9497,0.9502
147,0.9497,0.9526,0.9497,0.9504
148,0.9497,0.9528,0.9497,0.9503
149,0.9385,0.9427,0.9385,0.9397
150,0.9330,0.9370,0.9330,0.9342
151,0.9441,0.9478,0.9441,0.9447
152,0.9497,0.9538,0.9497,0.9501
153,0.9553,0.9596,0.9553,0.9557
154,0.9553,0.9589,0.9553,0.9558
155,0.9497,0.9505,0.9497,0.9497
156,0.9441,0.9441,0.9441,0.9439
157,0.9497,0.9520,0.9497,0.9493
158,0.9553,0.9568,0.9553,0.9551
159,0.9385,0.9387,0.9385,0.9385
160,0.9553,0.9564,0.9553,0.9555
161,0.9497,0.9507,0.9497,0.9496
162,0.9609,0.9622,0.9609,0.9612
163,0.9497,0.9511,0.9497,0.9501
164,0.9497,0.9521,0.9497,0.9504
165,0.9497,0.9521,0.9497,0.9504
166,0.9441,0.9470,0.9441,0.9450
167,0.9553,0.9574,0.9553,0.9558
168,0.9609,0.9630,0.9609,0.9613
169,0.9609,0.9634,0.9609,0.9612
170,0.9497,0.9528,0.9497,0.9503
171,0.9553,0.9590,0.9553,0.9559
172,0.9497,0.9525,0.9497,0.9500
173,0.9497,0.9508,0.9497,0.9498
174,0.9385,0.9462,0.9385,0.9398
175,0.9497,0.9545,0.9497,0.9505
176,0.9609,0.9633,0.9609,0.9613
177,0.9609,0.9641,0.9609,0.9613
178,0.9609,0.9625,0.9609,0.9613
179,0.9721,0.9746,0.9721,0.9724
180,0.9777,0.9793,0.9777,0.9779
181,0.9385,0.9387,0.9385,0.9385
182,0.9497,0.9499,0.9497,0.9497
183,0.9497,0.9499,0.9497,0.9497
184,0.9497,0.9498,0.9497,0.9497
185,0.9609,0.9636,0.9609,0.9613
186,0.9609,0.9623,0.9609,0.9613
187,0.9497,0.9508,0.9497,0.9498
188,0.9385,0.9398,0.9385,0.9386
189,0.9553,0.9569,0.9553,0.9554
190,0.9497,0.9514,0.9497,0.9501
191,0.9553,0.9569,0.9553,0.9554
192,0.9441,0.9465,0.9441,0.9446
193,0.9553,0.9596,0.9553,0.9557
194,0.9553,0.9574,0.9553,0.9558
195,0.9553,0.9553,0.9553,0.9553
196,0.9553,0.9553,0.9553,0.9553
197,0.9497,0.9507,0.9497,0.9496
198,0.9385,0.9393,0.9385,0.9383
199,0.9330,0.9330,0.9330,0.9330
200,0.9274,0.9269,0.9274,0.9267
201,0.9385,0.9390,0.9385,0.9384
202,0.9609,0.9636,0.9609,0.9613
203,0.9609,0.9657,0.9609,0.9613
204,0.9274,0.9270,0.9274,0.9272
205,0.9385,0.9398,0.9385,0.9388
206,0.9609,0.9611,0.9609,0.9609
207,0.9497,0.9528,0.9497,0.9495
208,0.9385,0.9393,0.9385,0.9383
209,0.9330,0.9332,0.9330,0.9328
210,0.9497,0.9508,0.9497,0.9498
211,0.9385,0.9398,0.9385,0.9386
212,0.9330,0.9351,0.9330,0.9331
213,0.9441,0.9449,0.9441,0.9439
214,0.9385,0.9387,0.9385,0.9386
215,0.9441,0.9447,0.9441,0.9442
216,0.9497,0.9508,0.9497,0.9498
217,0.9497,0.9508,0.9497,0.9498
218,0.9497,0.9508,0.9497,0.9498
219,0.9497,0.9508,0.9497,0.9498
220,0.9553,0.9577,0.9553,0.9555
221,0.9609,0.9644,0.9609,0.9610
222,0.9553,0.9577,0.9553,0.9555
223,0.9609,0.9625,0.9609,0.9611
224,0.9553,0.9557,0.9553,0.9554
225,0.9441,0.9447,0.9441,0.9444
226,0.9497,0.9498,0.9497,0.9497
227,0.9553,0.9556,0.9553,0.9554
228,0.9497,0.9503,0.9497,0.9499
229,0.9553,0.9564,0.9553,0.9555
230,0.9665,0.9701,0.9665,0.9669
231,0.9665,0.9701,0.9665,0.9669
232,0.9665,0.9701,0.9665,0.9669
233,0.9609,0.9644,0.9609,0.9610
234,0.9609,0.9622,0.9609,0.9609
235,0.9497,0.9498,0.9497,0.9497
236,0.9441,0.9447,0.9441,0.9442
237,0.9441,0.9447,0.9441,0.9442
238,0.9553,0.9556,0.9553,0.9554
239,0.9441,0.9452,0.9441,0.9445
240,0.9497,0.9499,0.9497,0.9497
241,0.9441,0.9447,0.9441,0.9442
242,0.9497,0.9496,0.9497,0.9496
243,0.9553,0.9553,0.9553,0.9553
244,0.9441,0.9447,0.9441,0.9442
245,0.9497,0.9499,0.9497,0.9497
246,0.9553,0.9558,0.9553,0.9553
247,0.9609,0.9644,0.9609,0.9610
248,0.9665,0.9680,0.9665,0.9664
249,0.9497,0.9505,0.9497,0.9499
250,0.9385,0.9398,0.9385,0.9386
251,0.9665,0.9679,0.9665,0.9667
252,0.9777,0.9785,0.9777,0.9778
253,0.9609,0.9636,0.9609,0.9613
254,0.9553,0.9564,0.9553,0.9555
255,0.9497,0.9499,0.9497,0.9497
256,0.9665,0.9667,0.9665,0.9665
257,0.9497,0.9508,0.9497,0.9498
258,0.9497,0.9501,0.9497,0.9499
259,0.9441,0.9441,0.9441,0.9441
260,0.9441,0.9441,0.9441,0.9441
261,0.9497,0.9499,0.9497,0.9497
262,0.9385,0.9398,0.9385,0.9386
263,0.9497,0.9519,0.9497,0.9501
264,0.9385,0.9398,0.9385,0.9386
265,0.9497,0.9507,0.9497,0.9496
266,0.9553,0.9553,0.9553,0.9553
267,0.9553,0.9553,0.9553,0.9553
268,0.9665,0.9671,0.9665,0.9665
269,0.9665,0.9671,0.9665,0.9665
270,0.9609,0.9610,0.9609,0.9609
271,0.9441,0.9447,0.9441,0.9442
272,0.9441,0.9447,0.9441,0.9442
273,0.9385,0.9398,0.9385,0.9386
274,0.9553,0.9553,0.9553,0.9553
275,0.9553,0.9558,0.9553,0.9553
276,0.9553,0.9553,0.9553,0.9553
277,0.9553,0.9554,0.9553,0.9553
278,0.9441,0.9447,0.9441,0.9442
279,0.9385,0.9398,0.9385,0.9386
280,0.9497,0.9499,0.9497,0.9497
281,0.9553,0.9553,0.9553,0.9553
282,0.9497,0.9498,0.9497,0.9497
283,0.9553,0.9558,0.9553,0.9553
284,0.9441,0.9441,0.9441,0.9441
285,0.9553,0.9558,0.9553,0.9553
286,0.9609,0.9610,0.9609,0.9609
287,0.9609,0.9622,0.9609,0.9609
288,0.9497,0.9499,0.9497,0.9497
289,0.9497,0.9499,0.9497,0.9497
290,0.9553,0.9553,0.9553,0.9553
291,0.9609,0.9622,0.9609,0.9609
292,0.9609,0.9610,0.9609,0.9609
293,0.9441,0.9447,0.9441,0.9442
294,0.9553,0.9574,0.9553,0.9552
295,0.9553,0.9574,0.9553,0.9552
296,0.9497,0.9499,0.9497,0.9497
297,0.9497,0.9499,0.9497,0.9497
298,0.9441,0.9447,0.9441,0.9442
299,0.9553,0.9553,0.9553,0.9553
