# epoch,accuracy,precision,recall,f1_score
0,0.3167,0.1003,0.3167,0.1523
1,0.3167,0.1003,0.3167,0.1523
2,0.3167,0.1003,0.3167,0.1523
3,0.3167,0.1003,0.3167,0.1523
4,0.3167,0.1003,0.3167,0.1523
5,0.3167,0.1003,0.3167,0.1523
6,0.4889,0.2390,0.4889,0.3211
7,0.4889,0.2390,0.4889,0.3211
8,0.4889,0.2390,0.4889,0.3211
9,0.4889,0.2390,0.4889,0.3211
10,0.4889,0.2390,0.4889,0.3211
11,0.4889,0.2390,0.4889,0.3211
12,0.4889,0.2390,0.4889,0.3211
13,0.4889,0.2390,0.4889,0.3211
14,0.4889,0.2390,0.4889,0.3211
15,0.4889,0.2390,0.4889,0.3211
16,0.4889,0.2390,0.4889,0.3211
17,0.4889,0.2403,0.4889,0.3223
18,0.4833,0.2390,0.4833,0.3198
19,0.4833,0.2390,0.4833,0.3198
20,0.4889,0.2417,0.4889,0.3235
21,0.4778,0.2943,0.4778,0.3344
22,0.4944,0.3107,0.4944,0.3512
23,0.5056,0.3337,0.5056,0.3748
24,0.5167,0.3377,0.5167,0.3956
25,0.4889,0.2891,0.4889,0.3423
26,0.4889,0.2403,0.4889,0.3223
27,0.4889,0.2390,0.4889,0.3211
28,0.4889,0.2390,0.4889,0.3211
29,0.4889,0.2390,0.4889,0.3211
30,0.4889,0.2390,0.4889,0.3211
31,0.4889,0.2390,0.4889,0.3211
32,0.4889,0.2390,0.4889,0.3211
33,0.4889,0.2390,0.4889,0.3211
34,0.4944,0.5570,0.4944,0.3332
35,0.4944,0.5570,0.4944,0.3332
36,0.4889,0.2390,0.4889,0.3211
37,0.4889,0.2390,0.4889,0.3211
38,0.4889,0.2390,0.4889,0.3211
39,0.4889,0.2390,0.4889,0.3211
40,0.4889,0.2390,0.4889,0.3211
41,0.4889,0.2390,0.4889,0.3211
42,0.4944,0.5570,0.4944,0.3332
43,0.5056,0.5597,0.5056,0.3564
44,0.5556,0.5728,0.5556,0.4463
45,0.5111,0.5611,0.5111,0.3675
46,0.5222,0.5639,0.5222,0.3887
47,0.5167,0.5625,0.5167,0.3782
48,0.4944,0.5570,0.4944,0.3332
49,0.4944,0.5584,0.4944,0.3344
50,0.5222,0.5639,0.5222,0.3887
51,0.6778,0.5831,0.6778,0.6033
52,0.5667,0.5758,0.5667,0.4636
53,0.6333,0.6838,0.6333,0.5625
54,0.6389,0.7099,0.6389,0.5970
55,0.5611,0.6941,0.5611,0.4638
56,0.6444,0.7124,0.6444,0.5958
57,0.5833,0.6507,0.5833,0.5036
58,0.5778,0.6950,0.5778,0.4927
59,0.6389,0.7312,0.6389,0.5800
60,0.5889,0.5822,0.5889,0.4962
61,0.6667,0.7394,0.6667,0.6221
62,0.6389,0.6885,0.6389,0.5722
63,0.6333,0.7312,0.6333,0.5776
64,0.5889,0.7074,0.5889,0.5159
65,0.6667,0.7240,0.6667,0.6412
66,0.7056,0.7603,0.7056,0.6850
67,0.7056,0.7720,0.7056,0.6789
68,0.7500,0.7981,0.7500,0.7313
69,0.7222,0.7822,0.7222,0.7011
70,0.6278,0.5960,0.6278,0.5486
71,0.6167,0.6446,0.6167,0.5419
72,0.7111,0.7803,0.7111,0.6818
73,0.7278,0.7705,0.7278,0.7111
74,0.6667,0.7543,0.6667,0.6266
75,0.7111,0.7905,0.7111,0.6819
76,0.6778,0.7536,0.6778,0.6366
77,0.6944,0.7670,0.6944,0.6689
78,0.7278,0.7975,0.7278,0.7058
79,0.6389,0.7273,0.6389,0.6032
80,0.6333,0.7341,0.6333,0.5852
81,0.6056,0.7233,0.6056,0.5474
82,0.6333,0.7571,0.6333,0.5782
83,0.7444,0.7903,0.7444,0.7251
84,0.7667,0.8043,0.7667,0.7487
85,0.7444,0.7953,0.7444,0.7290
86,0.7444,0.7960,0.7444,0.7257
87,0.8222,0.8401,0.8222,0.8252
88,0.8556,0.8606,0.8556,0.8516
89,0.8333,0.8511,0.8333,0.8285
90,0.7000,0.7790,0.7000,0.6699
91,0.6222,0.7869,0.6222,0.5596
92,0.7111,0.7729,0.7111,0.6784
93,0.6889,0.7204,0.6889,0.6494
94,0.7722,0.8142,0.7722,0.7587
95,0.6556,0.7363,0.6556,0.6115
96,0.7333,0.7805,0.7333,0.7123
97,0.7611,0.8112,0.7611,0.7528
98,0.7278,0.7827,0.7278,0.7165
99,0.6889,0.7618,0.6889,0.6490
100,0.7389,0.8034,0.7389,0.7394
101,0.8278,0.8536,0.8278,0.8298
102,0.8000,0.8430,0.8000,0.8087
103,0.8278,0.8474,0.8278,0.8227
104,0.6667,0.7377,0.6667,0.6254
105,0.6556,0.7440,0.6556,0.5954
106,0.7000,0.7848,0.7000,0.6586
107,0.6889,0.7804,0.6889,0.6461
108,0.7500,0.8091,0.7500,0.7387
109,0.6611,0.7762,0.6611,0.6304
110,0.5500,0.6660,0.5500,0.4386
111,0.6500,0.7254,0.6500,0.6033
112,0.6611,0.7275,0.6611,0.6193
113,0.6389,0.7291,0.6389,0.5867
114,0.6667,0.7373,0.6667,0.6269
115,0.6500,0.7205,0.6500,0.6043
116,0.7333,0.7815,0.7333,0.7146
117,0.6944,0.7593,0.6944,0.6626
118,0.6944,0.7650,0.6944,0.6562
119,0.6722,0.7525,0.6722,0.6211
120,0.7167,0.7840,0.7167,0.7026
121,0.7222,0.7737,0.7222,0.6977
122,0.7889,0.8262,0.7889,0.7787
123,0.7556,0.7934,0.7556,0.7385
124,0.8278,0.8489,0.8278,0.8198
125,0.8778,0.8827,0.8778,0.8758
126,0.9167,0.9180,0.9167,0.9128
127,0.8722,0.8721,0.8722,0.8721
128,0.8000,0.8297,0.8000,0.7919
129,0.8167,0.8452,0.8167,0.8125
130,0.6611,0.7597,0.6611,0.5935
131,0.8000,0.8575,0.8000,0.8034
132,0.8389,0.8598,0.8389,0.8409
133,0.8278,0.8422,0.8278,0.8216
134,0.8722,0.8770,0.8722,0.8691
135,0.8556,0.8621,0.8556,0.8515
136,0.6889,0.7582,0.6889,0.6526
137,0.8500,0.8633,0.8500,0.8475
138,0.8500,0.8709,0.8500,0.8536
139,0.8667,0.8906,0.8667,0.8728
140,0.8889,0.8983,0.8889,0.8903
141,0.9000,0.9034,0.9000,0.8995
142,0.8667,0.8851,0.8667,0.8696
143,0.8667,0.8719,0.8667,0.8648
144,0.8667,0.8766,0.8667,0.8645
145,0.9111,0.9092,0.9111,0.9085
146,0.8278,0.8433,0.8278,0.8229
147,0.8556,0.8669,0.8556,0.8528
148,0.8278,0.8503,0.8278,0.8237
149,0.8444,0.8607,0.8444,0.8395
150,0.8667,0.8664,0.8667,0.8605
151,0.8222,0.8395,0.8222,0.8171
152,0.7556,0.8137,0.7556,0.7365
153,0.7556,0.8171,0.7556,0.7347
154,0.8056,0.8489,0.8056,0.7981
155,0.9222,0.9207,0.9222,0.9207
156,0.9056,0.9102,0.9056,0.9000
157,0.8222,0.8413,0.8222,0.8119
158,0.8222,0.8437,0.8222,0.8066
159,0.9056,0.9041,0.9056,0.8999
160,0.9444,0.9443,0.9444,0.9425
161,0.8944,0.9015,0.8944,0.8944
162,0.8611,0.8737,0.8611,0.8582
163,0.8556,0.8598,0.8556,0.8499
164,0.9167,0.9150,0.9167,0.9151
165,0.9278,0.9283,0.9278,0.9253
166,0.9333,0.9362,0.9333,0.9301
167,0.8667,0.8779,0.8667,0.8587
168,0.8444,0.8639,0.8444,0.8346
169,0.8556,0.8645,0.8556,0.8502
170,0.9000,0.9044,0.9000,0.8992
171,0.8944,0.8995,0.8944,0.8927
172,0.9333,0.9330,0.9333,0.9324
173,0.9167,0.9189,0.9167,0.9173
174,0.9389,0.9409,0.9389,0.9354
175,0.9111,0.9147,0.9111,0.9036
176,0.8556,0.8652,0.8556,0.8523
177,0.8444,0.8840,0.8444,0.8401
178,0.7333,0.7867,0.7333,0.7099
179,0.9389,0.9412,0.9389,0.9394
180,0.9389,0.9412,0.9389,0.9394
181,0.8833,0.8940,0.8833,0.8824
182,0.8444,0.8556,0.8444,0.8403
183,0.9111,0.9090,0.9111,0.9098
184,0.9222,0.9299,0.9222,0.9235
185,0.9000,0.9210,0.9000,0.9033
186,0.8278,0.8493,0.8278,0.8228
187,0.9278,0.9358,0.9278,0.9285
188,0.9278,0.9322,0.9278,0.9285
189,0.9556,0.9551,0.9556,0.9545
190,0.9056,0.9123,0.9056,0.8989
191,0.9500,0.9499,0.9500,0.9497
192,0.9556,0.9569,0.9556,0.9560
193,0.8611,0.8754,0.8611,0.8582
194,0.8889,0.8984,0.8889,0.8884
195,0.9222,0.9260,0.9222,0.9223
196,0.9167,0.9231,0.9167,0.9168
197,0.9444,0.9442,0.9444,0.9439
198,0.9500,0.9522,0.9500,0.9502
199,0.9556,0.9577,0.9556,0.9554
200,0.9500,0.9530,0.9500,0.9490
201,0.9556,0.9569,0.9556,0.9557
202,0.9556,0.9549,0.9556,0.9550
203,0.9556,0.9555,0.9556,0.9555
204,0.9500,0.9495,0.9500,0.9495
205,0.9333,0.9326,0.9333,0.9327
206,0.9389,0.9380,0.9389,0.9381
207,0.8889,0.8946,0.8889,0.8843
208,0.9333,0.9364,0.9333,0.9339
209,0.9278,0.9326,0.9278,0.9279
210,0.9278,0.9294,0.9278,0.9267
211,0.9222,0.9241,0.9222,0.9217
212,0.8889,0.8939,0.8889,0.8875
213,0.9278,0.9300,0.9278,0.9257
214,0.9333,0.9373,0.9333,0.9334
215,0.9333,0.9339,0.9333,0.9328
216,0.9333,0.9375,0.9333,0.9345
217,0.9500,0.9549,0.9500,0.9510
218,0.9778,0.9778,0.9778,0.9778
219,0.9722,0.9721,0.9722,0.9721
220,0.9500,0.9505,0.9500,0.9501
221,0.8944,0.8972,0.8944,0.8894
222,0.9444,0.9457,0.9444,0.9417
223,0.9611,0.9606,0.9611,0.9604
224,0.9667,0.9669,0.9667,0.9659
225,0.9111,0.9148,0.9111,0.9037
226,0.9556,0.9551,0.9556,0.9545
227,0.9500,0.9492,0.9500,0.9492
228,0.9389,0.9404,0.9389,0.9353
229,0.9389,0.9434,0.9389,0.9397
230,0.9667,0.9667,0.9667,0.9666
231,0.9556,0.9610,0.9556,0.9554
232,0.9667,0.9688,0.9667,0.9665
233,0.9667,0.9663,0.9667,0.9663
234,0.9778,0.9780,0.9778,0.9778
235,0.9667,0.9666,0.9667,0.9665
236,0.9611,0.9613,0.9611,0.9609
237,0.9722,0.9720,0.9722,0.9721
238,0.9611,0.9606,0.9611,0.9604
239,0.9556,0.9560,0.9556,0.9539
240,0.9667,0.9663,0.9667,0.9663
241,0.9722,0.9722,0.9722,0.9717
242,0.9444,0.9481,0.9444,0.9426
243,0.9389,0.9403,0.9389,0.9353
244,0.9389,0.9406,0.9389,0.9354
245,0.9722,0.9722,0.9722,0.9717
246,0.9722,0.9722,0.9722,0.9717
247,0.9833,0.9836,0.9833,0.9834
248,0.9278,0.9298,0.9278,0.9275
249,0.9389,0.9385,0.9389,0.9372
250,0.9500,0.9504,0.9500,0.9499
251,0.9778,0.9778,0.9778,0.9775
252,0.9778,0.9782,0.9778,0.9778
253,0.9556,0.9559,0.9556,0.9556
254,0.9722,0.9740,0.9722,0.9726
255,0.9778,0.9778,0.9778,0.9775
256,0.9667,0.9667,0.9667,0.9667
257,0.9722,0.9726,0.9722,0.9723
258,0.9722,0.9723,0.9722,0.9722
259,0.9722,0.9721,0.9722,0.9721
260,0.9611,0.9610,0.9611,0.9610
261,0.9722,0.9726,0.9722,0.9723
262,0.9444,0.9457,0.9444,0.9417
263,0.9389,0.9406,0.9389,0.9354
264,0.9722,0.9722,0.9722,0.9717
265,0.9833,0.9833,0.9833,0.9832
266,0.9722,0.9729,0.9722,0.9723
267,0.9611,0.9635,0.9611,0.9614
268,0.9500,0.9530,0.9500,0.9504
269,0.9778,0.9792,0.9778,0.9780
270,0.9778,0.9783,0.9778,0.9776
271,0.9333,0.9352,0.9333,0.9289
272,0.9389,0.9403,0.9389,0.9353
273,0.9500,0.9532,0.9500,0.9495
274,0.9500,0.9532,0.9500,0.9500
275,0.9667,0.9681,0.9667,0.9668
276,0.9722,0.9726,0.9722,0.9723
277,0.9611,0.9613,0.9611,0.9610
278,0.9667,0.9667,0.9667,0.9666
279,0.9833,0.9836,0.9833,0.9834
280,0.9889,0.9890,0.9889,0.9889
281,0.9833,0.9837,0.9833,0.9833
282,0.9722,0.9723,0.9722,0.9720
283,0.9722,0.9723,0.9722,0.9720
284,0.9667,0.9670,0.9667,0.9663
285,0.9889,0.9890,0.9889,0.9889
286,0.9833,0.9836,0.9833,0.9834
287,0.9889,0.9890,0.9889,0.9889
288,0.9889,0.9890,0.9889,0.9889
289,0.9833,0.9835,0.9833,0.9833
290,0.9889,0.9890,0.9889,0.9889
291,0.9667,0.9667,0.9667,0.9662
292,0.9500,0.9527,0.9500,0.9479
293,0.9667,0.9682,0.9667,0.9660
294,0.9722,0.9733,0.9722,0.9722
295,0.9833,0.9833,0.9833,0.9832
296,0.9833,0.9833,0.9833,0.9832
297,0.9778,0.9778,0.9778,0.9775
298,0.9833,0.9833,0.9833,0.9832
299,0.9778,0.9779,0.9778,0.9777
