# epoch,accuracy,precision,recall,f1_score
0,0.3056,0.0934,0.3056,0.1430
1,0.3056,0.0934,0.3056,0.1430
2,0.3056,0.0934,0.3056,0.1430
3,0.3056,0.0934,0.3056,0.1430
4,0.5111,0.2612,0.5111,0.3458
5,0.5111,0.2612,0.5111,0.3458
6,0.5111,0.2612,0.5111,0.3458
7,0.5111,0.2612,0.5111,0.3458
8,0.5111,0.2612,0.5111,0.3458
9,0.5111,0.2612,0.5111,0.3458
10,0.5111,0.2612,0.5111,0.3458
11,0.5111,0.2612,0.5111,0.3458
12,0.5111,0.2612,0.5111,0.3458
13,0.3056,0.0934,0.3056,0.1430
14,0.3056,0.0934,0.3056,0.1430
15,0.3056,0.0934,0.3056,0.1430
16,0.3056,0.0934,0.3056,0.1430
17,0.3056,0.0934,0.3056,0.1430
18,0.3056,0.0934,0.3056,0.1430
19,0.3056,0.0934,0.3056,0.1430
20,0.3056,0.0934,0.3056,0.1430
21,0.3889,0.3400,0.3889,0.3573
22,0.5056,0.3240,0.5056,0.3548
23,0.5056,0.3378,0.5056,0.3536
24,0.5056,0.2598,0.5056,0.3433
25,0.5111,0.2612,0.5111,0.3458
26,0.5111,0.2612,0.5111,0.3458
27,0.5111,0.2612,0.5111,0.3458
28,0.5111,0.2612,0.5111,0.3458
29,0.5111,0.2612,0.5111,0.3458
30,0.5111,0.2612,0.5111,0.3458
31,0.5111,0.2612,0.5111,0.3458
32,0.5111,0.2612,0.5111,0.3458
33,0.5111,0.2612,0.5111,0.3458
34,0.5111,0.2612,0.5111,0.3458
35,0.5222,0.5697,0.5222,0.3698
36,0.4389,0.3820,0.4389,0.3990
37,0.4500,0.4125,0.4500,0.4056
38,0.5333,0.4470,0.5333,0.4824
39,0.4556,0.4544,0.4556,0.4025
40,0.4222,0.5264,0.4222,0.3524
41,0.4056,0.5297,0.4056,0.3297
42,0.4056,0.5297,0.4056,0.3297
43,0.4444,0.4736,0.4444,0.3835
44,0.3556,0.5589,0.3556,0.2396
45,0.3278,0.6066,0.3278,0.1881
46,0.3500,0.5526,0.3500,0.2297
47,0.3389,0.6077,0.3389,0.2094
48,0.3056,0.6043,0.3056,0.1532
49,0.3167,0.6311,0.3167,0.1774
50,0.4611,0.6700,0.4611,0.4309
51,0.3833,0.6932,0.3833,0.2756
52,0.3667,0.6976,0.3667,0.2564
53,0.3667,0.2073,0.3667,0.2606
54,0.3611,0.7475,0.3611,0.2887
55,0.4056,0.8066,0.4056,0.4017
56,0.4167,0.8089,0.4167,0.4183
57,0.3333,0.8385,0.3333,0.3153
58,0.2944,0.3165,0.2944,0.2303
59,0.3333,0.2759,0.3333,0.2658
60,0.5222,0.8675,0.5222,0.5443
61,0.2611,0.8531,0.2611,0.1920
62,0.2611,0.8531,0.2611,0.2016
63,0.2944,0.8545,0.2944,0.2583
64,0.3500,0.8570,0.3500,0.3261
65,0.2333,0.8520,0.2333,0.1517
66,0.2389,0.8523,0.2389,0.1628
67,0.3333,0.8562,0.3333,0.3109
68,0.5333,0.8684,0.5333,0.5483
69,0.5444,0.8693,0.5444,0.5187
70,0.4056,0.5543,0.4056,0.3797
71,0.4333,0.8615,0.4333,0.4191
72,0.3611,0.8575,0.3611,0.3354
73,0.2833,0.5485,0.2833,0.2293
74,0.2889,0.8542,0.2889,0.2454
75,0.2111,0.8512,0.2111,0.1106
76,0.3278,0.8560,0.3278,0.2976
77,0.3167,0.8554,0.3167,0.2794
78,0.4056,0.8599,0.4056,0.3902
79,0.4611,0.8632,0.4611,0.4404
80,0.6222,0.8766,0.6222,0.5775
81,0.4778,0.8643,0.4778,0.4814
82,0.5389,0.8688,0.5389,0.5204
83,0.6000,0.8668,0.6000,0.5607
84,0.2667,0.5478,0.2667,0.2044
85,0.4722,0.5584,0.4722,0.4443
86,0.4111,0.5546,0.4111,0.3855
87,0.3500,0.8570,0.3500,0.3429
88,0.3389,0.8565,0.3389,0.3244
89,0.3556,0.5517,0.3556,0.3241
90,0.2833,0.8540,0.2833,0.2349
91,0.5500,0.8697,0.5500,0.5164
92,0.3889,0.8590,0.3889,0.3719
93,0.4667,0.8636,0.4667,0.4744
94,0.4056,0.8599,0.4056,0.3852
95,0.3833,0.8587,0.3833,0.3610
96,0.3611,0.5520,0.3611,0.3307
97,0.6056,0.5552,0.6056,0.5490
98,0.4444,0.5255,0.4444,0.4212
99,0.4278,0.5228,0.4278,0.4058
100,0.6833,0.8725,0.6833,0.6371
101,0.6222,0.8690,0.6222,0.6074
102,0.6611,0.8517,0.6611,0.5978
103,0.6889,0.8675,0.6889,0.6396
104,0.5833,0.8727,0.5833,0.5914
105,0.5833,0.8565,0.5833,0.5774
106,0.5389,0.5633,0.5389,0.5006
107,0.2889,0.8542,0.2889,0.2493
108,0.3833,0.8587,0.3833,0.3824
109,0.4556,0.5366,0.4556,0.4306
110,0.4500,0.5569,0.4500,0.4238
111,0.3556,0.8573,0.3556,0.3470
112,0.4556,0.8519,0.4556,0.4361
113,0.5444,0.8605,0.5444,0.5307
114,0.6056,0.8675,0.6056,0.5647
115,0.5500,0.5560,0.5500,0.5090
116,0.6722,0.8651,0.6722,0.6077
117,0.4778,0.8446,0.4778,0.4567
118,0.4444,0.8284,0.4444,0.4451
119,0.4222,0.8410,0.4222,0.4439
120,0.4111,0.8160,0.4111,0.4280
121,0.6111,0.8607,0.6111,0.6113
122,0.5333,0.8423,0.5333,0.5349
123,0.4722,0.8271,0.4722,0.4983
124,0.5278,0.8420,0.5278,0.5680
125,0.5333,0.8524,0.5333,0.5699
126,0.5111,0.8537,0.5111,0.5480
127,0.6389,0.8557,0.6389,0.6708
128,0.6222,0.8686,0.6222,0.6261
129,0.6778,0.8761,0.6778,0.6719
130,0.7000,0.8730,0.7000,0.6911
131,0.6389,0.8536,0.6389,0.5841
132,0.6833,0.8599,0.6833,0.6971
133,0.6833,0.8644,0.6833,0.6849
134,0.7111,0.8695,0.7111,0.7088
135,0.7389,0.8856,0.7389,0.7445
136,0.7944,0.8870,0.7944,0.7992
137,0.7500,0.8729,0.7500,0.7522
138,0.7833,0.8912,0.7833,0.8019
139,0.7611,0.8800,0.7611,0.7858
140,0.6278,0.8564,0.6278,0.6679
141,0.5611,0.8469,0.5611,0.5994
142,0.6167,0.8368,0.6167,0.6526
143,0.6611,0.8613,0.6611,0.6982
144,0.7944,0.8865,0.7944,0.8054
145,0.7333,0.8845,0.7333,0.7431
146,0.6389,0.8580,0.6389,0.6782
147,0.7944,0.8870,0.7944,0.8084
148,0.7000,0.8668,0.7000,0.7285
149,0.6667,0.8627,0.6667,0.7039
150,0.5389,0.8581,0.5389,0.5682
151,0.4611,0.8511,0.4611,0.4702
152,0.7667,0.8805,0.7667,0.7867
153,0.6222,0.8675,0.6222,0.6527
154,0.5778,0.8540,0.5778,0.6006
155,0.6667,0.8734,0.6667,0.6954
156,0.7944,0.8876,0.7944,0.8120
157,0.7167,0.8715,0.7167,0.7485
158,0.8167,0.8941,0.8167,0.8335
159,0.8167,0.8941,0.8167,0.8335
160,0.7000,0.8611,0.7000,0.7327
161,0.7778,0.8780,0.7778,0.8001
162,0.7278,0.8631,0.7278,0.7401
163,0.7667,0.8807,0.7667,0.7879
164,0.8278,0.8965,0.8278,0.8370
165,0.8278,0.8960,0.8278,0.8340
166,0.8278,0.8965,0.8278,0.8370
167,0.7833,0.8817,0.7833,0.7845
168,0.6111,0.8652,0.6111,0.6510
169,0.7889,0.8849,0.7889,0.7994
170,0.8222,0.8957,0.8222,0.8381
171,0.7500,0.8660,0.7500,0.7726
172,0.8833,0.9173,0.8833,0.8893
173,0.8611,0.9025,0.8611,0.8707
174,0.7333,0.8744,0.7333,0.7627
175,0.8000,0.8824,0.8000,0.8001
176,0.8278,0.8965,0.8278,0.8370
177,0.8000,0.8839,0.8000,0.7934
178,0.8556,0.9138,0.8556,0.8621
179,0.8556,0.9140,0.8556,0.8579
180,0.8611,0.9079,0.8611,0.8668
181,0.8778,0.9081,0.8778,0.8790
182,0.8944,0.9220,0.8944,0.8977
183,0.8722,0.9122,0.8722,0.8767
184,0.8722,0.9119,0.8722,0.8743
185,0.7667,0.8900,0.7667,0.7902
186,0.8778,0.9151,0.8778,0.8854
187,0.8667,0.9051,0.8667,0.8676
188,0.8833,0.9205,0.8833,0.8865
189,0.8722,0.9122,0.8722,0.8767
190,0.8611,0.9089,0.8611,0.8725
191,0.8389,0.9012,0.8389,0.8533
192,0.8500,0.9047,0.8500,0.8623
193,0.8667,0.9101,0.8667,0.8723
194,0.8889,0.9151,0.8889,0.8957
195,0.8722,0.9159,0.8722,0.8775
196,0.8444,0.9022,0.8444,0.8536
197,0.7944,0.8869,0.7944,0.7978
198,0.8667,0.9141,0.8667,0.8697
199,0.8889,0.9229,0.8889,0.8911
200,0.9111,0.9304,0.9111,0.9139
201,0.8611,0.9045,0.8611,0.8713
202,0.9278,0.9418,0.9278,0.9308
203,0.9389,0.9453,0.9389,0.9405
204,0.9000,0.9251,0.9000,0.9058
205,0.9611,0.9623,0.9611,0.9613
206,0.9611,0.9639,0.9611,0.9618
207,0.9444,0.9485,0.9444,0.9450
208,0.9500,0.9549,0.9500,0.9514
209,0.8167,0.8970,0.8167,0.8306
210,0.8889,0.9188,0.8889,0.8947
211,0.9000,0.9240,0.9000,0.9046
212,0.8889,0.9097,0.8889,0.8922
213,0.9056,0.9275,0.9056,0.9085
214,0.9111,0.9243,0.9111,0.9129
215,0.9500,0.9546,0.9500,0.9508
216,0.9444,0.9486,0.9444,0.9453
217,0.9611,0.9616,0.9611,0.9612
218,0.9556,0.9599,0.9556,0.9565
219,0.8944,0.9269,0.8944,0.9001
220,0.9056,0.9346,0.9056,0.9067
221,0.9111,0.9309,0.9111,0.9145
222,0.8944,0.9265,0.8944,0.8986
223,0.8944,0.9127,0.8944,0.8949
224,0.9056,0.9243,0.9056,0.9061
225,0.9111,0.9401,0.9111,0.9155
226,0.9000,0.9309,0.9000,0.9056
227,0.9222,0.9454,0.9222,0.9264
228,0.9389,0.9501,0.9389,0.9411
229,0.9444,0.9465,0.9444,0.9451
230,0.9556,0.9595,0.9556,0.9564
231,0.9667,0.9701,0.9667,0.9673
232,0.9389,0.9424,0.9389,0.9387
233,0.9444,0.9440,0.9444,0.9440
234,0.9444,0.9450,0.9444,0.9444
235,0.9444,0.9485,0.9444,0.9450
236,0.9389,0.9468,0.9389,0.9401
237,0.9611,0.9631,0.9611,0.9616
238,0.9722,0.9727,0.9722,0.9724
239,0.9667,0.9677,0.9667,0.9670
240,0.9444,0.9513,0.9444,0.9462
241,0.9722,0.9727,0.9722,0.9721
242,0.9611,0.9631,0.9611,0.9616
243,0.9667,0.9686,0.9667,0.9669
244,0.9556,0.9594,0.9556,0.9565
245,0.9611,0.9613,0.9611,0.9612
246,0.9611,0.9616,0.9611,0.9612
247,0.9778,0.9785,0.9778,0.9778
248,0.9778,0.9782,0.9778,0.9778
249,0.9556,0.9576,0.9556,0.9558
250,0.9833,0.9836,0.9833,0.9832
251,0.9833,0.9837,0.9833,0.9834
252,0.9667,0.9718,0.9667,0.9676
253,0.9556,0.9615,0.9556,0.9564
254,0.9611,0.9622,0.9611,0.9613
255,0.9667,0.9667,0.9667,0.9667
256,0.9722,0.9731,0.9722,0.9724
257,0.9833,0.9842,0.9833,0.9834
258,0.9556,0.9595,0.9556,0.9564
259,0.9556,0.9578,0.9556,0.9561
260,0.9611,0.9621,0.9611,0.9614
261,0.9444,0.9499,0.9444,0.9458
262,0.9722,0.9728,0.9722,0.9724
263,0.9722,0.9724,0.9722,0.9721
264,0.9444,0.9506,0.9444,0.9455
265,0.9667,0.9697,0.9667,0.9672
266,0.9556,0.9559,0.9556,0.9557
267,0.9833,0.9835,0.9833,0.9834
268,0.9944,0.9945,0.9944,0.9945
269,0.9778,0.9785,0.9778,0.9778
270,0.9778,0.9785,0.9778,0.9778
271,0.9778,0.9785,0.9778,0.9778
272,0.9778,0.9785,0.9778,0.9778
273,0.9778,0.9785,0.9778,0.9778
274,0.9833,0.9842,0.9833,0.9834
275,0.9778,0.9778,0.9778,0.9775
276,0.9722,0.9726,0.9722,0.9724
277,0.9611,0.9620,0.9611,0.9613
278,0.9611,0.9611,0.9611,0.9611
279,0.9833,0.9842,0.9833,0.9834
280,0.9833,0.9842,0.9833,0.9834
281,0.9833,0.9835,0.9833,0.9833
282,0.9778,0.9780,0.9778,0.9778
283,0.9778,0.9780,0.9778,0.9778
284,0.9833,0.9842,0.9833,0.9834
285,0.9833,0.9842,0.9833,0.9834
286,0.9667,0.9667,0.9667,0.9662
287,0.9722,0.9722,0.9722,0.9717
288,0.9778,0.9785,0.9778,0.9778
289,0.9778,0.9785,0.9778,0.9778
290,0.9778,0.9785,0.9778,0.9778
291,0.9778,0.9785,0.9778,0.9778
292,0.9833,0.9842,0.9833,0.9834
293,0.9778,0.9785,0.9778,0.9778
294,0.9778,0.9785,0.9778,0.9778
295,0.9722,0.9731,0.9722,0.9723
296,0.9889,0.9893,0.9889,0.9889
297,0.9833,0.9837,0.9833,0.9834
298,0.9833,0.9837,0.9833,0.9834
299,0.9778,0.9783,0.9778,0.9779
